budget_per_group,replication,method,panel_mse
200,0,complete_rollout,3.172386065287113e-06
200,0,learned_mean,3.1635590458398095e-05
200,0,learned_occupancy,2.2904539316133956e-06
200,0,occ_plus_mean,1.6761175734866935e-06
200,0,occ_plus_uniform,5.5147205137414944e-06
200,0,oracle_tail,1.2920311775669021e-05
200,0,tis,9.207809023411548e-05
200,0,tis_anchored,3.961296631618824e-06
200,0,uniform,7.630664898425183e-05
200,1,complete_rollout,7.429725378945641e-06
200,1,learned_mean,0.00013177475333560627
200,1,learned_occupancy,8.723941668101933e-06
200,1,occ_plus_mean,5.377745989184881e-06
200,1,occ_plus_uniform,3.8443167682886845e-06
200,1,oracle_tail,1.1176247277977984e-06
200,1,tis,0.00029488441772106935
200,1,tis_anchored,5.207230441869153e-06
200,1,uniform,4.687096363887243e-05
200,2,complete_rollout,3.381470617417733e-06
200,2,learned_mean,1.4630687153837143e-05
200,2,learned_occupancy,4.881361070463074e-06
200,2,occ_plus_mean,4.692817470327647e-06
200,2,occ_plus_uniform,3.952516003227355e-06
200,2,oracle_tail,9.919319223946127e-07
200,2,tis,1.274027258563737e-05
200,2,tis_anchored,5.306279674809269e-06
200,2,uniform,7.697339248337578e-05
200,3,complete_rollout,8.25533843985656e-06
200,3,learned_mean,2.316264585945911e-05
200,3,learned_occupancy,1.1108345358414853e-05
200,3,occ_plus_mean,5.766217858265386e-06
200,3,occ_plus_uniform,6.471702499194651e-06
200,3,oracle_tail,9.545357375648345e-06
200,3,tis,3.495044876359449e-05
200,3,tis_anchored,6.048290715982111e-06
200,3,uniform,4.305643610452102e-05
200,4,complete_rollout,4.961814995086769e-06
200,4,learned_mean,1.4359998031906379e-05
200,4,learned_occupancy,7.533770803934687e-06
200,4,occ_plus_mean,7.082782139326352e-06
200,4,occ_plus_uniform,6.491982463724202e-06
200,4,oracle_tail,4.807827643171099e-06
200,4,tis,3.4909749656635414e-05
200,4,tis_anchored,8.801126413991445e-06
200,4,uniform,9.528756655095625e-05
200,5,complete_rollout,3.1934492850744404e-06
200,5,learned_mean,4.635470919062583e-05
200,5,learned_occupancy,1.660870458092885e-05
200,5,occ_plus_mean,1.645785304574594e-05
200,5,occ_plus_uniform,2.34925246618278e-06
200,5,oracle_tail,2.1711877828376135e-06
200,5,tis,5.3895453726990134e-05
200,5,tis_anchored,1.754056450907502e-05
200,5,uniform,1.0399601279061041e-05
200,6,complete_rollout,4.201148565787617e-06
200,6,learned_mean,5.748733863912307e-05
200,6,learned_occupancy,6.271211192284077e-06
200,6,occ_plus_mean,7.056362926677148e-06
200,6,occ_plus_uniform,9.680751134514499e-06
200,6,oracle_tail,2.6380760608376624e-06
200,6,tis,3.8000714192441334e-05
200,6,tis_anchored,5.836841205228332e-06
200,6,uniform,0.00010323130024751942
200,7,complete_rollout,2.210028288244322e-06
200,7,learned_mean,3.9455332413558235e-05
200,7,learned_occupancy,9.452061182607878e-06
200,7,occ_plus_mean,1.1920666574558717e-05
200,7,occ_plus_uniform,2.5449898148816947e-06
200,7,oracle_tail,3.052245097403766e-06
200,7,tis,0.0003147160443204886
200,7,tis_anchored,4.669105354556499e-06
200,7,uniform,3.170521485060373e-05
200,8,complete_rollout,3.908411204438581e-06
200,8,learned_mean,9.871637972321035e-06
200,8,learned_occupancy,6.3871971009015544e-06
200,8,occ_plus_mean,6.417755618972729e-06
200,8,occ_plus_uniform,6.937785427110089e-06
200,8,oracle_tail,1.9121833874893954e-06
200,8,tis,0.00017067603520819452
200,8,tis_anchored,1.0848856945961071e-05
200,8,uniform,3.4096738512744495e-05
200,9,complete_rollout,1.6274675216023267e-06
200,9,learned_mean,1.0605118685938675e-05
200,9,learned_occupancy,5.582289088640056e-06
200,9,occ_plus_mean,4.791699972351559e-06
200,9,occ_plus_uniform,2.4009124277877665e-05
200,9,oracle_tail,2.7081993113675427e-05
200,9,tis,5.811447151254241e-05
200,9,tis_anchored,1.3314142048674337e-05
200,9,uniform,0.00011605923074281386
200,10,complete_rollout,5.842625689582983e-06
200,10,learned_mean,7.192420393530002e-06
200,10,learned_occupancy,1.2628506916910883e-05
200,10,occ_plus_mean,6.467625492469084e-06
200,10,occ_plus_uniform,4.511273052143077e-06
200,10,oracle_tail,7.085018529723314e-07
200,10,tis,6.856965175003838e-06
200,10,tis_anchored,4.708386456252981e-06
200,10,uniform,5.022208522180807e-05
200,11,complete_rollout,6.008086954940427e-06
200,11,learned_mean,6.541061323189476e-06
200,11,learned_occupancy,1.0533036930603819e-05
200,11,occ_plus_mean,3.126055052308783e-06
200,11,occ_plus_uniform,8.531209313009965e-06
200,11,oracle_tail,5.35821810138292e-05
200,11,tis,3.492548384967986e-05
200,11,tis_anchored,3.2283081090837548e-06
200,11,uniform,7.839140406566331e-05
200,12,complete_rollout,3.5213995334773045e-06
200,12,learned_mean,1.1879465382218924e-05
200,12,learned_occupancy,7.171296455384438e-06
200,12,occ_plus_mean,6.390976407364802e-06
200,12,occ_plus_uniform,3.5352282166145587e-06
200,12,oracle_tail,1.0750826356161973e-06
200,12,tis,8.617726998917806e-06
200,12,tis_anchored,3.2077106463560584e-06
200,12,uniform,1.6525365629253713e-05
200,13,complete_rollout,2.7603481796253763e-06
200,13,learned_mean,1.4223649393723761e-05
200,13,learned_occupancy,8.303105127550736e-06
200,13,occ_plus_mean,6.163742377730902e-06
200,13,occ_plus_uniform,4.815729488751445e-06
200,13,oracle_tail,4.197639662974653e-05
200,13,tis,1.1843603046954082e-05
200,13,tis_anchored,5.239072754817447e-06
200,13,uniform,5.5992324922618605e-05
200,14,complete_rollout,1.4164199825547805e-06
200,14,learned_mean,2.1911363186980816e-05
200,14,learned_occupancy,4.227920362736572e-06
200,14,occ_plus_mean,2.203646321554631e-06
200,14,occ_plus_uniform,3.1670561351056525e-06
200,14,oracle_tail,6.860056647079398e-05
200,14,tis,0.00011992031962352742
200,14,tis_anchored,4.874638592708297e-06
200,14,uniform,0.00013815432750281892
200,15,complete_rollout,6.113973100707867e-06
200,15,learned_mean,2.108729802566268e-05
200,15,learned_occupancy,1.3108669976282082e-06
200,15,occ_plus_mean,1.5136195786007571e-06
200,15,occ_plus_uniform,3.253735038413323e-06
200,15,oracle_tail,2.0591239470916876e-06
200,15,tis,2.0044755206152968e-05
200,15,tis_anchored,1.7898360517407907e-06
200,15,uniform,1.6738208688152098e-05
200,16,complete_rollout,3.964101193497631e-06
200,16,learned_mean,3.534811787187487e-05
200,16,learned_occupancy,2.7379166301421813e-06
200,16,occ_plus_mean,1.4789485089549487e-06
200,16,occ_plus_uniform,3.898862908101666e-06
200,16,oracle_tail,1.299720245957907e-06
200,16,tis,6.719070065793775e-05
200,16,tis_anchored,2.5689685596091974e-06
200,16,uniform,8.378275630644022e-05
200,17,complete_rollout,4.553141371732632e-06
200,17,learned_mean,6.28908079358252e-05
200,17,learned_occupancy,5.760762159302662e-06
200,17,occ_plus_mean,8.0342597985063e-06
200,17,occ_plus_uniform,9.923370938882625e-06
200,17,oracle_tail,3.6967776875477135e-06
200,17,tis,6.551899448005814e-05
200,17,tis_anchored,7.488052889694729e-06
200,17,uniform,4.4354350083927684e-05
200,18,complete_rollout,9.870996775186139e-06
200,18,learned_mean,1.387755711504673e-05
200,18,learned_occupancy,5.744935404417372e-06
200,18,occ_plus_mean,7.064586552429243e-06
200,18,occ_plus_uniform,9.779458910204922e-06
200,18,oracle_tail,4.468686889372303e-06
200,18,tis,1.4804572344183743e-05
200,18,tis_anchored,3.111179144240317e-06
200,18,uniform,9.812896538842872e-05
200,19,complete_rollout,1.2733262820788386e-06
200,19,learned_mean,1.4795381889792885e-05
200,19,learned_occupancy,4.843992421768835e-06
200,19,occ_plus_mean,3.744207269261631e-06
200,19,occ_plus_uniform,6.0595707497824256e-06
200,19,oracle_tail,4.917634132157054e-05
200,19,tis,0.00012178508635377816
200,19,tis_anchored,3.0024398864844384e-06
200,19,uniform,0.00011954917114191928
200,20,complete_rollout,1.653949242318077e-06
200,20,learned_mean,7.0527086815409405e-06
200,20,learned_occupancy,1.7643067202793333e-06
200,20,occ_plus_mean,2.1125095448574498e-06
200,20,occ_plus_uniform,2.374505049106149e-06
200,20,oracle_tail,4.683254348803737e-06
200,20,tis,3.0362417921940122e-05
200,20,tis_anchored,2.413245318248601e-06
200,20,uniform,2.3711144291328696e-05
200,21,complete_rollout,2.2676076294826023e-06
200,21,learned_mean,6.533966326497636e-06
200,21,learned_occupancy,6.608214573047213e-06
200,21,occ_plus_mean,3.1369006247322593e-06
200,21,occ_plus_uniform,5.1723433128182465e-06
200,21,oracle_tail,7.032564117771741e-07
200,21,tis,4.653267104615091e-06
200,21,tis_anchored,2.6461896720929157e-06
200,21,uniform,5.581634524964717e-05
200,22,complete_rollout,3.1026123058810974e-06
200,22,learned_mean,1.3725741111206346e-05
200,22,learned_occupancy,4.5897084576855766e-06
200,22,occ_plus_mean,4.639410177718326e-06
200,22,occ_plus_uniform,3.5708349987031533e-06
200,22,oracle_tail,1.646710558007769e-05
200,22,tis,1.957092227929061e-05
200,22,tis_anchored,4.50862689660009e-06
200,22,uniform,5.180259175174336e-05
200,23,complete_rollout,2.3611500111767287e-06
200,23,learned_mean,6.451781814813713e-06
200,23,learned_occupancy,6.923306252927465e-06
200,23,occ_plus_mean,2.456141575767455e-06
200,23,occ_plus_uniform,3.098128443139035e-06
200,23,oracle_tail,1.1691738576953553e-06
200,23,tis,1.590940954643261e-05
200,23,tis_anchored,3.5407854895809886e-06
200,23,uniform,2.8027791626371423e-05
200,24,complete_rollout,2.180010156974554e-06
200,24,learned_mean,1.6556836120729055e-05
200,24,learned_occupancy,5.516314398649442e-06
200,24,occ_plus_mean,7.74012635629741e-06
200,24,occ_plus_uniform,8.92616210199375e-06
200,24,oracle_tail,0.00013978358399785042
200,24,tis,0.00043415085859878
200,24,tis_anchored,1.1109756556265938e-05
200,24,uniform,0.0003163071575875934
200,25,complete_rollout,1.9474396205255906e-06
200,25,learned_mean,1.0298532845308396e-05
200,25,learned_occupancy,7.447268960541853e-06
200,25,occ_plus_mean,8.119412156774403e-06
200,25,occ_plus_uniform,7.919715928906541e-06
200,25,oracle_tail,1.8231304089422625e-06
200,25,tis,1.6127287379704763e-05
200,25,tis_anchored,7.5984188461988435e-06
200,25,uniform,5.3535652963446274e-05
200,26,complete_rollout,2.39436092343141e-06
200,26,learned_mean,5.456317822680759e-06
200,26,learned_occupancy,5.194214078414004e-06
200,26,occ_plus_mean,3.729935655305159e-06
200,26,occ_plus_uniform,8.410692478465434e-06
200,26,oracle_tail,1.565850343658763e-06
200,26,tis,5.119112542033994e-06
200,26,tis_anchored,3.830667276540363e-06
200,26,uniform,6.196721156659217e-05
200,27,complete_rollout,9.21305528198758e-06
200,27,learned_mean,1.3704037070858225e-05
200,27,learned_occupancy,1.6503707600688483e-05
200,27,occ_plus_mean,3.87306429460862e-06
200,27,occ_plus_uniform,8.224178047414986e-06
200,27,oracle_tail,1.0332404179977993e-05
200,27,tis,0.00030584938371221453
200,27,tis_anchored,5.139893748565804e-06
200,27,uniform,3.4014633035726096e-05
200,28,complete_rollout,6.015035230288242e-06
200,28,learned_mean,2.3445659988937796e-05
200,28,learned_occupancy,7.262697905957535e-06
200,28,occ_plus_mean,1.436954441739187e-05
200,28,occ_plus_uniform,3.338451128551451e-06
200,28,oracle_tail,1.141348417389305e-06
200,28,tis,2.9080941672249762e-05
200,28,tis_anchored,1.3916202388015811e-05
200,28,uniform,3.2575327136138076e-05
200,29,complete_rollout,8.009097255456957e-07
200,29,learned_mean,5.212946223473067e-06
200,29,learned_occupancy,4.385078238566487e-06
200,29,occ_plus_mean,5.119978994423508e-06
200,29,occ_plus_uniform,5.067427071389723e-06
200,29,oracle_tail,1.3852411084649255e-06
200,29,tis,5.1422238550323316e-06
200,29,tis_anchored,6.083372443900888e-06
200,29,uniform,0.00010769404460871846
200,30,complete_rollout,3.01985766755886e-06
200,30,learned_mean,4.8353815313748395e-05
200,30,learned_occupancy,5.985995725847731e-06
200,30,occ_plus_mean,7.207321863101795e-06
200,30,occ_plus_uniform,1.3381920918922042e-05
200,30,oracle_tail,3.2262879140404707e-06
200,30,tis,5.8448558799338047e-05
200,30,tis_anchored,5.230906056212943e-06
200,30,uniform,3.8678632588251636e-05
200,31,complete_rollout,2.6736271860388427e-06
200,31,learned_mean,6.743154319558096e-05
200,31,learned_occupancy,8.213454209920173e-06
200,31,occ_plus_mean,8.343021821784784e-06
200,31,occ_plus_uniform,9.596098428438349e-06
200,31,oracle_tail,2.5296405652531764e-06
200,31,tis,0.00019041197468142374
200,31,tis_anchored,8.368628858824533e-06
200,31,uniform,4.822311946298384e-05
200,32,complete_rollout,3.918157871402656e-06
200,32,learned_mean,1.5357339592275275e-05
200,32,learned_occupancy,7.071079087903853e-06
200,32,occ_plus_mean,4.757216291751742e-06
200,32,occ_plus_uniform,9.892353752901649e-06
200,32,oracle_tail,8.026876386812538e-07
200,32,tis,1.3419189311878837e-05
200,32,tis_anchored,5.2613474694149175e-06
200,32,uniform,4.153544260626228e-05
200,33,complete_rollout,3.551816139368828e-06
200,33,learned_mean,4.5921465013042845e-05
200,33,learned_occupancy,1.2954004047981131e-05
200,33,occ_plus_mean,4.080397926154757e-06
200,33,occ_plus_uniform,1.3756944653854957e-05
200,33,oracle_tail,1.4723012423108838e-05
200,33,tis,6.601527227651812e-05
200,33,tis_anchored,3.783118867007731e-06
200,33,uniform,5.900196642924373e-05
200,34,complete_rollout,2.1494125205648484e-06
200,34,learned_mean,9.005254464484085e-06
200,34,learned_occupancy,8.285134214175755e-06
200,34,occ_plus_mean,7.690363756490969e-06
200,34,occ_plus_uniform,2.17357727991697e-05
200,34,oracle_tail,8.193458049551873e-06
200,34,tis,2.875972526107457e-05
200,34,tis_anchored,9.131718222583789e-06
200,34,uniform,0.00011250028558200307
200,35,complete_rollout,2.6443784056740713e-06
200,35,learned_mean,3.6993876800105085e-05
200,35,learned_occupancy,5.578328377451893e-06
200,35,occ_plus_mean,5.773230425625968e-06
200,35,occ_plus_uniform,7.39783139391257e-06
200,35,oracle_tail,8.557277919039435e-07
200,35,tis,2.703393213193244e-05
200,35,tis_anchored,4.762936467659645e-06
200,35,uniform,0.00015877213770179078
200,36,complete_rollout,2.4659069401779376e-06
200,36,learned_mean,1.213683948152797e-05
200,36,learned_occupancy,1.1463855281392535e-05
200,36,occ_plus_mean,4.414520638215279e-06
200,36,occ_plus_uniform,8.243554239744012e-06
200,36,oracle_tail,2.0393711859650144e-06
200,36,tis,1.611935702929753e-05
200,36,tis_anchored,6.026757132088099e-06
200,36,uniform,7.80056503726527e-05
200,37,complete_rollout,1.90193102599457e-06
200,37,learned_mean,1.1702865397418073e-05
200,37,learned_occupancy,1.1600678563270226e-05
200,37,occ_plus_mean,3.876257547088219e-06
200,37,occ_plus_uniform,1.1542454323857424e-05
200,37,oracle_tail,1.9824410199015883e-06
200,37,tis,3.194391903448492e-05
200,37,tis_anchored,4.460340194176572e-06
200,37,uniform,4.9526886375873774e-05
200,38,complete_rollout,7.09353359039919e-06
200,38,learned_mean,1.3812859008895055e-05
200,38,learned_occupancy,1.4631791416307613e-05
200,38,occ_plus_mean,1.4485338969888812e-05
200,38,occ_plus_uniform,9.601754774432894e-06
200,38,oracle_tail,1.276134527460658e-05
200,38,tis,4.111246349296177e-05
200,38,tis_anchored,1.5168012425794454e-05
200,38,uniform,0.00011785108959577255
200,39,complete_rollout,7.115277330179172e-06
200,39,learned_mean,6.6418238344726464e-06
200,39,learned_occupancy,5.9552421719776284e-06
200,39,occ_plus_mean,9.058142686627749e-06
200,39,occ_plus_uniform,7.021050741001006e-06
200,39,oracle_tail,1.2181622883777543e-06
200,39,tis,2.2994445873453326e-05
200,39,tis_anchored,6.889972598308018e-06
200,39,uniform,7.879747842841562e-05
200,40,complete_rollout,1.0054888323670742e-05
200,40,learned_mean,1.1509691228680323e-05
200,40,learned_occupancy,1.1524007767667333e-05
200,40,occ_plus_mean,9.705312145661821e-06
200,40,occ_plus_uniform,6.200876482169064e-06
200,40,oracle_tail,3.136908276295499e-06
200,40,tis,3.370591203700818e-05
200,40,tis_anchored,6.7011891118114e-06
200,40,uniform,4.330319877994296e-05
200,41,complete_rollout,2.4446086219172563e-06
200,41,learned_mean,8.598947587649055e-05
200,41,learned_occupancy,3.866438847749839e-06
200,41,occ_plus_mean,3.7678388444444043e-06
200,41,occ_plus_uniform,6.2863839243486525e-06
200,41,oracle_tail,5.000197342797983e-06
200,41,tis,0.0001792755264834691
200,41,tis_anchored,2.951583517564362e-06
200,41,uniform,8.251997393304433e-05
200,42,complete_rollout,5.555665194989993e-06
200,42,learned_mean,7.0693119820152465e-06
200,42,learned_occupancy,4.863452632135499e-06
200,42,occ_plus_mean,5.326342069811816e-06
200,42,occ_plus_uniform,5.190605948563401e-06
200,42,oracle_tail,8.690732141572295e-07
200,42,tis,9.72284840105341e-06
200,42,tis_anchored,5.5015783537513255e-06
200,42,uniform,6.361938306874464e-05
200,43,complete_rollout,2.6214702214286e-06
200,43,learned_mean,8.632349984853542e-06
200,43,learned_occupancy,9.09113517416439e-06
200,43,occ_plus_mean,6.787632181117804e-06
200,43,occ_plus_uniform,4.558741525614468e-06
200,43,oracle_tail,3.074646502414793e-06
200,43,tis,9.917325063520143e-06
200,43,tis_anchored,8.692471924224228e-06
200,43,uniform,3.5360202960836594e-05
200,44,complete_rollout,2.910869709688533e-06
200,44,learned_mean,1.7979383802096053e-05
200,44,learned_occupancy,7.75345352131759e-06
200,44,occ_plus_mean,8.282835707280162e-06
200,44,occ_plus_uniform,1.0825651301749868e-05
200,44,oracle_tail,2.2436618313755885e-05
200,44,tis,6.128571809145237e-05
200,44,tis_anchored,1.2068796147597943e-05
200,44,uniform,7.280982590486364e-05
200,45,complete_rollout,2.790550539969522e-06
200,45,learned_mean,2.2096499841379834e-05
200,45,learned_occupancy,3.5238829449923476e-06
200,45,occ_plus_mean,3.05461361034499e-06
200,45,occ_plus_uniform,2.2178338505534225e-06
200,45,oracle_tail,2.231703153771195e-06
200,45,tis,3.057098093798092e-05
200,45,tis_anchored,2.7448549601204814e-06
200,45,uniform,3.654227177308637e-05
200,46,complete_rollout,2.362642817436311e-06
200,46,learned_mean,2.031136438763493e-05
200,46,learned_occupancy,6.120107874135894e-06
200,46,occ_plus_mean,8.952566731976307e-07
200,46,occ_plus_uniform,3.4817996392519935e-06
200,46,oracle_tail,1.2468856978062532e-06
200,46,tis,2.187271280887557e-05
200,46,tis_anchored,1.7744425973190895e-06
200,46,uniform,4.289865514373694e-05
200,47,complete_rollout,1.814365448443503e-06
200,47,learned_mean,3.376540011303802e-05
200,47,learned_occupancy,4.588063205409046e-06
200,47,occ_plus_mean,2.6155692248148984e-06
200,47,occ_plus_uniform,6.439066407887522e-06
200,47,oracle_tail,2.168093680667095e-06
200,47,tis,3.362309950554179e-05
200,47,tis_anchored,3.2621889101417934e-06
200,47,uniform,4.1068974070375995e-05
200,48,complete_rollout,6.159693560375153e-06
200,48,learned_mean,5.390279977827818e-06
200,48,learned_occupancy,5.571242955683367e-06
200,48,occ_plus_mean,4.0738057420317635e-06
200,48,occ_plus_uniform,3.5967163102975837e-06
200,48,oracle_tail,1.2891777287407392e-06
200,48,tis,0.00011020089390728119
200,48,tis_anchored,4.098851576523937e-06
200,48,uniform,2.1757567329270343e-05
200,49,complete_rollout,1.7601932975716569e-06
200,49,learned_mean,7.431955015313243e-06
200,49,learned_occupancy,7.485034950354156e-06
200,49,occ_plus_mean,4.6305310865432745e-06
200,49,occ_plus_uniform,7.370734440988125e-06
200,49,oracle_tail,1.8155723302025629e-06
200,49,tis,1.922958846830216e-05
200,49,tis_anchored,5.839654291433227e-06
200,49,uniform,0.00012933143908788568
200,50,complete_rollout,3.8546835944379644e-06
200,50,learned_mean,1.5647036151539323e-05
200,50,learned_occupancy,3.5956587410663996e-06
200,50,occ_plus_mean,1.0172209695277725e-05
200,50,occ_plus_uniform,6.403973389504086e-06
200,50,oracle_tail,2.979304352849675e-06
200,50,tis,2.7542292288235903e-05
200,50,tis_anchored,1.0656821735233338e-05
200,50,uniform,8.399254321851209e-05
200,51,complete_rollout,3.629947814240913e-06
200,51,learned_mean,3.0281479592617698e-05
200,51,learned_occupancy,1.0170111207839423e-05
200,51,occ_plus_mean,3.4598073372350823e-06
200,51,occ_plus_uniform,1.2537676618609354e-05
200,51,oracle_tail,2.752626441263875e-06
200,51,tis,4.115279593517396e-05
200,51,tis_anchored,4.228969743449054e-06
200,51,uniform,0.00012796194016333112
200,52,complete_rollout,3.6295129266245244e-06
200,52,learned_mean,4.821503138432926e-05
200,52,learned_occupancy,8.43635083086902e-06
200,52,occ_plus_mean,4.974312439769867e-06
200,52,occ_plus_uniform,3.914808724978484e-06
200,52,oracle_tail,0.00010031866004743337
200,52,tis,0.00017818603193517585
200,52,tis_anchored,4.472830738132513e-06
200,52,uniform,0.0001213844722219152
200,53,complete_rollout,3.1170392983505357e-06
200,53,learned_mean,1.9632455735073117e-05
200,53,learned_occupancy,3.5460823307325805e-06
200,53,occ_plus_mean,2.8160947871165194e-06
200,53,occ_plus_uniform,3.966265257758353e-06
200,53,oracle_tail,1.672791443302315e-06
200,53,tis,2.5200412610966006e-05
200,53,tis_anchored,3.231963953394931e-06
200,53,uniform,0.000244383488437328
200,54,complete_rollout,2.388268919674264e-06
200,54,learned_mean,1.761872681002808e-05
200,54,learned_occupancy,4.570871625402747e-06
200,54,occ_plus_mean,6.028756163512161e-07
200,54,occ_plus_uniform,6.6245754070362245e-06
200,54,oracle_tail,7.59585639845832e-06
200,54,tis,1.572018265897457e-05
200,54,tis_anchored,1.7315827563674518e-06
200,54,uniform,4.425232856859811e-05
200,55,complete_rollout,3.494032986515829e-06
200,55,learned_mean,3.399132861294659e-05
200,55,learned_occupancy,7.970106629191808e-06
200,55,occ_plus_mean,6.920406282575771e-06
200,55,occ_plus_uniform,7.230287686001516e-06
200,55,oracle_tail,5.6212493155712796e-05
200,55,tis,3.254715053425444e-05
200,55,tis_anchored,6.141615588873735e-06
200,55,uniform,0.0002738933876835558
200,56,complete_rollout,2.57327499752298e-06
200,56,learned_mean,3.807815330394795e-06
200,56,learned_occupancy,5.6211577211847446e-06
200,56,occ_plus_mean,2.37138350434858e-06
200,56,occ_plus_uniform,2.5773483957904674e-06
200,56,oracle_tail,2.094206646006113e-06
200,56,tis,1.8793580984649104e-05
200,56,tis_anchored,4.7005766539607576e-06
200,56,uniform,3.193410201092265e-05
200,57,complete_rollout,1.0156583159315664e-05
200,57,learned_mean,4.490718484242216e-06
200,57,learned_occupancy,3.0080915916913683e-06
200,57,occ_plus_mean,4.048612535982634e-06
200,57,occ_plus_uniform,4.87745982989666e-06
200,57,oracle_tail,2.721955918429337e-05
200,57,tis,5.447436068368768e-05
200,57,tis_anchored,5.48122451931386e-06
200,57,uniform,6.376622051929239e-05
200,58,complete_rollout,1.6100413697114828e-06
200,58,learned_mean,1.065076103564278e-05
200,58,learned_occupancy,3.2141707547526524e-06
200,58,occ_plus_mean,3.3537617096751775e-06
200,58,occ_plus_uniform,4.48622747080156e-06
200,58,oracle_tail,6.120116090611183e-07
200,58,tis,1.9255892349573612e-05
200,58,tis_anchored,3.4840516605318416e-06
200,58,uniform,3.956598538677064e-05
200,59,complete_rollout,5.606425516516855e-06
200,59,learned_mean,0.0001501129428970194
200,59,learned_occupancy,6.171015598417305e-06
200,59,occ_plus_mean,4.861594276606415e-06
200,59,occ_plus_uniform,1.012695709902903e-05
200,59,oracle_tail,0.00010466994348097363
200,59,tis,0.0005865357931168735
200,59,tis_anchored,4.72981745653311e-06
200,59,uniform,0.00013204465059652029
200,60,complete_rollout,1.4829649596184262e-06
200,60,learned_mean,1.1131171945303257e-05
200,60,learned_occupancy,3.936733870714269e-06
200,60,occ_plus_mean,2.0990708288462583e-06
200,60,occ_plus_uniform,6.5388421742445315e-06
200,60,oracle_tail,3.559868803803922e-06
200,60,tis,1.991701651294195e-05
200,60,tis_anchored,1.7599096594105447e-06
200,60,uniform,2.504696408411976e-05
200,61,complete_rollout,3.69929429756684e-06
200,61,learned_mean,8.22978126514126e-06
200,61,learned_occupancy,1.715403442648534e-05
200,61,occ_plus_mean,8.911180271170267e-06
200,61,occ_plus_uniform,1.1043412860622523e-05
200,61,oracle_tail,5.0224680346017654e-05
200,61,tis,1.667832386240606e-05
200,61,tis_anchored,1.2065509359157338e-05
200,61,uniform,0.00015614093519945326
200,62,complete_rollout,4.839848893472861e-06
200,62,learned_mean,1.0846553714441659e-05
200,62,learned_occupancy,1.196762181037432e-05
200,62,occ_plus_mean,8.233950865263704e-06
200,62,occ_plus_uniform,5.985127893605927e-06
200,62,oracle_tail,3.447833723602133e-06
200,62,tis,2.310213705471064e-05
200,62,tis_anchored,8.099056342676531e-06
200,62,uniform,8.072268573677963e-05
200,63,complete_rollout,3.5281957586883625e-06
200,63,learned_mean,1.1503764575899239e-05
200,63,learned_occupancy,1.3640746548298383e-06
200,63,occ_plus_mean,4.423740111932569e-06
200,63,occ_plus_uniform,5.9586416117453e-06
200,63,oracle_tail,0.00010915185238570623
200,63,tis,4.034865694464817e-05
200,63,tis_anchored,4.67209504990832e-06
200,63,uniform,0.0001546463315666329
200,64,complete_rollout,2.9555718237779986e-06
200,64,learned_mean,1.4517585293937179e-05
200,64,learned_occupancy,1.5818019841452595e-05
200,64,occ_plus_mean,1.115872784291953e-05
200,64,occ_plus_uniform,1.440667493464377e-05
200,64,oracle_tail,5.2981944565955655e-06
200,64,tis,1.9763347265536673e-05
200,64,tis_anchored,1.191913043263289e-05
200,64,uniform,0.0001097895030507961
200,65,complete_rollout,1.5934728093959591e-06
200,65,learned_mean,0.00015746654447829412
200,65,learned_occupancy,1.1454858089446367e-05
200,65,occ_plus_mean,1.0435119917328291e-05
200,65,occ_plus_uniform,8.345914151575976e-06
200,65,oracle_tail,3.5524675677597382e-06
200,65,tis,0.00015509205384804005
200,65,tis_anchored,1.0617725452813255e-05
200,65,uniform,9.032579283822835e-05
200,66,complete_rollout,5.569850500960857e-06
200,66,learned_mean,4.797559496767902e-05
200,66,learned_occupancy,2.5027770057970643e-06
200,66,occ_plus_mean,3.3336002603428686e-06
200,66,occ_plus_uniform,1.377241710585843e-06
200,66,oracle_tail,1.4786752707660446e-05
200,66,tis,0.00026964149367371567
200,66,tis_anchored,3.1236523618463648e-06
200,66,uniform,8.853937508530505e-05
200,67,complete_rollout,5.492196234063318e-06
200,67,learned_mean,3.87576540435719e-05
200,67,learned_occupancy,1.0762815877781963e-05
200,67,occ_plus_mean,1.3939583044352784e-05
200,67,occ_plus_uniform,1.2683458544678072e-05
200,67,oracle_tail,5.465650526205504e-06
200,67,tis,0.00016645386464609965
200,67,tis_anchored,1.5256454183180497e-05
200,67,uniform,8.606652057058539e-05
200,68,complete_rollout,8.840643429411204e-06
200,68,learned_mean,7.876201032754546e-06
200,68,learned_occupancy,8.987735153023108e-06
200,68,occ_plus_mean,3.5977815447278906e-06
200,68,occ_plus_uniform,2.357327323776656e-06
200,68,oracle_tail,1.5927909859184127e-06
200,68,tis,1.439972615179307e-05
200,68,tis_anchored,4.241511128996996e-06
200,68,uniform,1.1466232209589287e-05
200,69,complete_rollout,2.6122006992472593e-06
200,69,learned_mean,1.202825293224357e-05
200,69,learned_occupancy,8.492974883551962e-06
200,69,occ_plus_mean,7.00809414045241e-06
200,69,occ_plus_uniform,1.0598160405929525e-05
200,69,oracle_tail,2.483825479540988e-06
200,69,tis,7.542614609938501e-06
200,69,tis_anchored,7.637107998949463e-06
200,69,uniform,5.281171995455567e-05
200,70,complete_rollout,2.451620689389654e-06
200,70,learned_mean,9.139666522302095e-06
200,70,learned_occupancy,4.422974695834876e-06
200,70,occ_plus_mean,6.577824103174412e-06
200,70,occ_plus_uniform,5.9719340325247345e-06
200,70,oracle_tail,8.645563544726194e-07
200,70,tis,8.932867391845953e-06
200,70,tis_anchored,6.562496932680905e-06
200,70,uniform,5.281628145500026e-05
200,71,complete_rollout,1.1999958476034794e-06
200,71,learned_mean,2.0430244186417986e-05
200,71,learned_occupancy,2.9690083002336404e-06
200,71,occ_plus_mean,1.5071058128390396e-06
200,71,occ_plus_uniform,2.653005612782667e-06
200,71,oracle_tail,1.3689472388400343e-05
200,71,tis,2.2993472865443025e-05
200,71,tis_anchored,1.9237800581664123e-06
200,71,uniform,2.64253245159673e-05
200,72,complete_rollout,1.7551620182542787e-06
200,72,learned_mean,1.8113446299109127e-05
200,72,learned_occupancy,1.980866345369405e-05
200,72,occ_plus_mean,8.901685000065524e-07
200,72,occ_plus_uniform,2.127760452616289e-05
200,72,oracle_tail,8.981682735601172e-07
200,72,tis,1.653514267741755e-05
200,72,tis_anchored,1.00192830898753e-06
200,72,uniform,3.857533587413069e-05
200,73,complete_rollout,3.4458615126928556e-06
200,73,learned_mean,1.3466559524346048e-05
200,73,learned_occupancy,3.824201010197653e-06
200,73,occ_plus_mean,5.1140725732233035e-06
200,73,occ_plus_uniform,4.704788681962959e-06
200,73,oracle_tail,1.8527889097731185e-06
200,73,tis,1.1313237961180927e-05
200,73,tis_anchored,5.67765384224647e-06
200,73,uniform,4.1771943002116515e-05
200,74,complete_rollout,3.886933619557697e-06
200,74,learned_mean,8.705826123761797e-06
200,74,learned_occupancy,4.501083539984465e-06
200,74,occ_plus_mean,4.472047391934641e-06
200,74,occ_plus_uniform,8.933409552438884e-06
200,74,oracle_tail,2.283119548544451e-06
200,74,tis,3.553693997695789e-05
200,74,tis_anchored,4.7242389920904585e-06
200,74,uniform,0.0001538233612793374
200,75,complete_rollout,3.2404057010253485e-06
200,75,learned_mean,1.355346123541585e-05
200,75,learned_occupancy,2.592423502168831e-06
200,75,occ_plus_mean,3.292847821982272e-06
200,75,occ_plus_uniform,3.562257184439094e-06
200,75,oracle_tail,1.190116156046627e-05
200,75,tis,2.436701025627856e-05
200,75,tis_anchored,2.6265887289164237e-06
200,75,uniform,3.435853506868919e-05
200,76,complete_rollout,1.5375792204482034e-06
200,76,learned_mean,1.2399896994391452e-05
200,76,learned_occupancy,5.212877192024965e-06
200,76,occ_plus_mean,3.5479988869562347e-06
200,76,occ_plus_uniform,5.970493634255452e-06
200,76,oracle_tail,2.2283821965988666e-06
200,76,tis,2.0953760805156953e-05
200,76,tis_anchored,4.058510990268162e-06
200,76,uniform,0.00010175524377163273
200,77,complete_rollout,4.536125078086878e-06
200,77,learned_mean,1.0707681886980424e-05
200,77,learned_occupancy,2.7894563139319365e-06
200,77,occ_plus_mean,2.643358933877601e-06
200,77,occ_plus_uniform,2.7667245133350337e-06
200,77,oracle_tail,1.7512228642322204e-06
200,77,tis,1.1935726048613538e-05
200,77,tis_anchored,1.8348544616208445e-06
200,77,uniform,9.658609583692833e-05
200,78,complete_rollout,3.5673841792839346e-06
200,78,learned_mean,1.3844765640958863e-05
200,78,learned_occupancy,5.111690813730167e-06
200,78,occ_plus_mean,5.8211272286088025e-06
200,78,occ_plus_uniform,2.131023332407702e-06
200,78,oracle_tail,1.594625641000999e-06
200,78,tis,7.105885030437838e-05
200,78,tis_anchored,6.0992749525561525e-06
200,78,uniform,1.5469741553480832e-05
200,79,complete_rollout,2.3499313741405544e-06
200,79,learned_mean,3.1510785571623846e-05
200,79,learned_occupancy,9.884171011292538e-06
200,79,occ_plus_mean,6.493887587374292e-06
200,79,occ_plus_uniform,1.8804014823939017e-05
200,79,oracle_tail,8.665511459825143e-06
200,79,tis,2.628630417143688e-05
200,79,tis_anchored,6.04460130145923e-06
200,79,uniform,0.0001112775394637833
200,80,complete_rollout,4.481765285816386e-06
200,80,learned_mean,4.212957976545e-06
200,80,learned_occupancy,3.5552942397919106e-06
200,80,occ_plus_mean,1.689152100893929e-06
200,80,occ_plus_uniform,8.998935113620639e-06
200,80,oracle_tail,7.028509975589003e-07
200,80,tis,1.1289139893451215e-05
200,80,tis_anchored,1.1202420239717314e-06
200,80,uniform,6.306783990439206e-05
200,81,complete_rollout,4.508660961809873e-06
200,81,learned_mean,2.973738536507514e-05
200,81,learned_occupancy,6.163747885734073e-06
200,81,occ_plus_mean,3.006896490509241e-06
200,81,occ_plus_uniform,2.8167367751305686e-06
200,81,oracle_tail,3.1859911940609424e-06
200,81,tis,0.0004518674900108812
200,81,tis_anchored,5.264585288179308e-06
200,81,uniform,6.130011551007232e-05
200,82,complete_rollout,2.917684517052044e-06
200,82,learned_mean,3.044628146424907e-06
200,82,learned_occupancy,4.601745049395785e-06
200,82,occ_plus_mean,2.6633027629237754e-06
200,82,occ_plus_uniform,1.8500046910487253e-05
200,82,oracle_tail,1.2346420463758347e-05
200,82,tis,0.00032718184249051676
200,82,tis_anchored,1.6344693342147965e-06
200,82,uniform,6.245819810031572e-05
200,83,complete_rollout,1.8166420578178477e-06
200,83,learned_mean,1.6094304019512604e-05
200,83,learned_occupancy,1.108402781973339e-05
200,83,occ_plus_mean,5.158884098288464e-06
200,83,occ_plus_uniform,1.759814245115001e-05
200,83,oracle_tail,3.804797796957819e-05
200,83,tis,4.498476228498094e-05
200,83,tis_anchored,6.1545490627706225e-06
200,83,uniform,9.766022676066005e-05
200,84,complete_rollout,2.763316345619005e-06
200,84,learned_mean,1.5800470074730465e-05
200,84,learned_occupancy,3.5426525318892845e-06
200,84,occ_plus_mean,2.1258468394017073e-06
200,84,occ_plus_uniform,1.311612010653811e-05
200,84,oracle_tail,7.775156660522062e-06
200,84,tis,4.370628596804412e-05
200,84,tis_anchored,1.8271881866983155e-06
200,84,uniform,0.00012367857754807957
200,85,complete_rollout,4.847172397194172e-06
200,85,learned_mean,7.78527264106591e-06
200,85,learned_occupancy,8.103739614187971e-06
200,85,occ_plus_mean,6.104554302725692e-06
200,85,occ_plus_uniform,4.010812825307667e-06
200,85,oracle_tail,1.2160851087911297e-06
200,85,tis,1.9926627227829058e-05
200,85,tis_anchored,6.889519539048395e-06
200,85,uniform,2.6544863993281134e-05
200,86,complete_rollout,4.06809511126884e-06
200,86,learned_mean,1.7273434220582385e-05
200,86,learned_occupancy,8.05365507312431e-06
200,86,occ_plus_mean,6.21841524892631e-06
200,86,occ_plus_uniform,3.4860384652162135e-06
200,86,oracle_tail,1.5101158257143055e-06
200,86,tis,0.00019429130049937064
200,86,tis_anchored,2.4265007008324796e-06
200,86,uniform,1.9731568604098858e-05
200,87,complete_rollout,2.368518525137176e-06
200,87,learned_mean,1.1175004102209177e-05
200,87,learned_occupancy,3.2920844527044893e-06
200,87,occ_plus_mean,2.2549075868284833e-06
200,87,occ_plus_uniform,6.2693363748812474e-06
200,87,oracle_tail,5.111414374482021e-06
200,87,tis,1.909407895230746e-05
200,87,tis_anchored,2.4007362181691445e-06
200,87,uniform,5.963105710049002e-05
200,88,complete_rollout,4.240939839451413e-06
200,88,learned_mean,1.62592900299429e-05
200,88,learned_occupancy,5.072409990429771e-06
200,88,occ_plus_mean,3.654214634850905e-06
200,88,occ_plus_uniform,5.505324697834378e-06
200,88,oracle_tail,9.127687735083701e-07
200,88,tis,5.267148334865975e-06
200,88,tis_anchored,3.296697598653737e-06
200,88,uniform,6.321059104096098e-05
200,89,complete_rollout,4.9083505560928866e-06
200,89,learned_mean,1.1055973198733038e-05
200,89,learned_occupancy,4.350197846381174e-06
200,89,occ_plus_mean,3.482472788197141e-06
200,89,occ_plus_uniform,1.1471212254686418e-05
200,89,oracle_tail,8.657235461027771e-06
200,89,tis,1.4760240893007557e-05
200,89,tis_anchored,4.0434501361057214e-06
200,89,uniform,6.528255231647225e-05
200,90,complete_rollout,1.1863933369828853e-06
200,90,learned_mean,2.101850459489237e-05
200,90,learned_occupancy,5.66064145620609e-06
200,90,occ_plus_mean,7.962288208546781e-06
200,90,occ_plus_uniform,2.729472715878342e-06
200,90,oracle_tail,1.010339106256088e-06
200,90,tis,1.541945607467336e-05
200,90,tis_anchored,7.419162010871116e-06
200,90,uniform,7.981319505100644e-05
200,91,complete_rollout,4.009615461624481e-06
200,91,learned_mean,1.875314779798104e-05
200,91,learned_occupancy,1.4849464840702983e-05
200,91,occ_plus_mean,6.765092761830334e-06
200,91,occ_plus_uniform,9.488337273882274e-06
200,91,oracle_tail,4.616584077158158e-06
200,91,tis,1.4518649416292222e-05
200,91,tis_anchored,6.471664142386738e-06
200,91,uniform,2.4270035279597596e-05
200,92,complete_rollout,4.675540856897495e-06
200,92,learned_mean,1.1734418236045631e-05
200,92,learned_occupancy,1.0544055878819466e-05
200,92,occ_plus_mean,5.135570402088464e-06
200,92,occ_plus_uniform,2.2521331148054138e-05
200,92,oracle_tail,3.062565056029173e-05
200,92,tis,1.0703323606537707e-05
200,92,tis_anchored,4.397629707423426e-06
200,92,uniform,0.00015797585393277936
200,93,complete_rollout,4.755944785821191e-06
200,93,learned_mean,2.084673125724985e-05
200,93,learned_occupancy,1.747404669137151e-05
200,93,occ_plus_mean,1.3549641061732229e-05
200,93,occ_plus_uniform,1.0224419120289809e-05
200,93,oracle_tail,2.5487523233582165e-05
200,93,tis,0.00018980077800654946
200,93,tis_anchored,1.192232109188797e-05
200,93,uniform,0.00021546792234365097
200,94,complete_rollout,7.314108057096911e-06
200,94,learned_mean,9.498376457754831e-06
200,94,learned_occupancy,7.401551177143119e-06
200,94,occ_plus_mean,5.6290871976637656e-06
200,94,occ_plus_uniform,1.905553872470967e-05
200,94,oracle_tail,1.373436242415333e-05
200,94,tis,1.715370654659036e-05
200,94,tis_anchored,9.313871471051712e-06
200,94,uniform,0.00010071671307804717
200,95,complete_rollout,1.4702395877613321e-06
200,95,learned_mean,3.456998667372347e-05
200,95,learned_occupancy,4.812622165048666e-06
200,95,occ_plus_mean,5.819103577620815e-06
200,95,occ_plus_uniform,1.820570350387836e-06
200,95,oracle_tail,1.0211877695578998e-05
200,95,tis,5.250082427663656e-05
200,95,tis_anchored,7.134378356995744e-06
200,95,uniform,4.397201866188341e-05
200,96,complete_rollout,2.586988892692482e-06
200,96,learned_mean,8.460439656193435e-06
200,96,learned_occupancy,8.209582165662513e-06
200,96,occ_plus_mean,5.193938912138144e-06
200,96,occ_plus_uniform,3.769588172759402e-06
200,96,oracle_tail,1.306757380193232e-05
200,96,tis,2.2675794105683136e-05
200,96,tis_anchored,5.112572638311949e-06
200,96,uniform,0.00010962669726854466
200,97,complete_rollout,8.319668556808014e-06
200,97,learned_mean,3.181302452070635e-05
200,97,learned_occupancy,1.9736396970866923e-05
200,97,occ_plus_mean,1.236963440863193e-05
200,97,occ_plus_uniform,1.7120489616253955e-05
200,97,oracle_tail,6.589246323848306e-06
200,97,tis,3.36174555964036e-05
200,97,tis_anchored,1.6602132726543706e-05
200,97,uniform,8.272438725632328e-05
200,98,complete_rollout,1.047506374573998e-05
200,98,learned_mean,7.478659174397826e-06
200,98,learned_occupancy,1.3784721165719061e-05
200,98,occ_plus_mean,3.5174086525315323e-06
200,98,occ_plus_uniform,1.3171930902816972e-05
200,98,oracle_tail,1.6321845014239337e-06
200,98,tis,0.00012964234022131167
200,98,tis_anchored,4.49991663437609e-06
200,98,uniform,3.061310910135146e-05
200,99,complete_rollout,3.635576354665046e-06
200,99,learned_mean,1.1746047608583827e-05
200,99,learned_occupancy,5.434150965832542e-06
200,99,occ_plus_mean,3.033955136431744e-06
200,99,occ_plus_uniform,6.606830092131281e-06
200,99,oracle_tail,4.553415228252748e-06
200,99,tis,1.7753139568167944e-05
200,99,tis_anchored,3.0857410164850514e-06
200,99,uniform,0.00016168577582307493
200,100,complete_rollout,3.2091785938645753e-06
200,100,learned_mean,4.021848205120868e-06
200,100,learned_occupancy,6.402534977242553e-06
200,100,occ_plus_mean,5.501737832997804e-06
200,100,occ_plus_uniform,8.925133409290739e-06
200,100,oracle_tail,5.293462948888392e-06
200,100,tis,4.984942582232893e-06
200,100,tis_anchored,6.409792146596094e-06
200,100,uniform,4.919430784339523e-05
200,101,complete_rollout,1.7429414849421734e-06
200,101,learned_mean,7.959578563943276e-06
200,101,learned_occupancy,5.618480056614854e-06
200,101,occ_plus_mean,4.785186011480037e-06
200,101,occ_plus_uniform,1.6638635265255622e-06
200,101,oracle_tail,4.6309540844652483e-07
200,101,tis,6.428705890832784e-06
200,101,tis_anchored,5.056474709462697e-06
200,101,uniform,4.4233346879807526e-05
200,102,complete_rollout,1.1885062563613136e-05
200,102,learned_mean,6.813910796941905e-06
200,102,learned_occupancy,5.035603164181015e-06
200,102,occ_plus_mean,4.020251452744022e-06
200,102,occ_plus_uniform,4.173584311593205e-06
200,102,oracle_tail,1.930777508451309e-06
200,102,tis,8.743471984493524e-06
200,102,tis_anchored,2.3184488126177015e-06
200,102,uniform,0.0001377796846978698
200,103,complete_rollout,4.645184823301901e-06
200,103,learned_mean,5.070372144818216e-06
200,103,learned_occupancy,9.511762278225263e-06
200,103,occ_plus_mean,7.25501100580948e-06
200,103,occ_plus_uniform,2.5404791714989767e-05
200,103,oracle_tail,2.6339264511926824e-05
200,103,tis,2.280466937444358e-05
200,103,tis_anchored,5.947135113708283e-06
200,103,uniform,4.718283952319558e-05
200,104,complete_rollout,6.876724641146495e-06
200,104,learned_mean,1.1844016910438562e-05
200,104,learned_occupancy,1.6931626521810375e-05
200,104,occ_plus_mean,5.760935229852872e-06
200,104,occ_plus_uniform,6.547113233217615e-06
200,104,oracle_tail,1.4340683030735695e-06
200,104,tis,2.193285896891832e-05
200,104,tis_anchored,4.7779703708532185e-06
200,104,uniform,6.580107447179463e-05
200,105,complete_rollout,5.84539990839925e-06
200,105,learned_mean,5.172482913194816e-06
200,105,learned_occupancy,5.19595920082307e-06
200,105,occ_plus_mean,4.616580017109505e-06
200,105,occ_plus_uniform,8.98074226720375e-06
200,105,oracle_tail,2.628061161693974e-06
200,105,tis,8.106528571466379e-05
200,105,tis_anchored,7.6063098684240214e-06
200,105,uniform,0.00012791905137346862
200,106,complete_rollout,2.7082479598814006e-06
200,106,learned_mean,1.7679742139233786e-05
200,106,learned_occupancy,1.5832795135758251e-06
200,106,occ_plus_mean,1.9350122242549302e-06
200,106,occ_plus_uniform,2.830450740405432e-06
200,106,oracle_tail,2.167577727808167e-05
200,106,tis,4.687900181623302e-05
200,106,tis_anchored,1.7080118566281772e-06
200,106,uniform,5.5262355138646003e-05
200,107,complete_rollout,4.078826337257513e-06
200,107,learned_mean,1.2279774525541868e-05
200,107,learned_occupancy,5.667419214450298e-06
200,107,occ_plus_mean,4.705844924993609e-06
200,107,occ_plus_uniform,5.415527737238543e-06
200,107,oracle_tail,2.8754600954646446e-06
200,107,tis,0.00015120675573799527
200,107,tis_anchored,5.5110092330925555e-06
200,107,uniform,0.00018475306988349153
200,108,complete_rollout,1.8381629952499947e-06
200,108,learned_mean,7.168595727875902e-06
200,108,learned_occupancy,9.343280389150244e-06
200,108,occ_plus_mean,5.202622571322974e-06
200,108,occ_plus_uniform,1.2301590439187207e-05
200,108,oracle_tail,9.782781693694573e-07
200,108,tis,8.644717992076227e-06
200,108,tis_anchored,4.189199880201588e-06
200,108,uniform,4.927445998705684e-05
200,109,complete_rollout,2.277205423343468e-06
200,109,learned_mean,8.62972957475974e-06
200,109,learned_occupancy,7.213244897397268e-06
200,109,occ_plus_mean,8.03203839696366e-06
200,109,occ_plus_uniform,2.7757637117159435e-06
200,109,oracle_tail,6.189395171813709e-06
200,109,tis,9.891840393330652e-06
200,109,tis_anchored,6.654847561998616e-06
200,109,uniform,4.4295325565006915e-05
200,110,complete_rollout,4.243246411428806e-06
200,110,learned_mean,4.986591199444172e-06
200,110,learned_occupancy,7.503031620495131e-06
200,110,occ_plus_mean,5.724232016417079e-06
200,110,occ_plus_uniform,7.592158409553803e-06
200,110,oracle_tail,7.660311546834054e-05
200,110,tis,8.917654780969389e-06
200,110,tis_anchored,4.9646891950497394e-06
200,110,uniform,0.00014353677321255297
200,111,complete_rollout,1.315664034146952e-06
200,111,learned_mean,1.5442802613059316e-05
200,111,learned_occupancy,6.0479131702909e-06
200,111,occ_plus_mean,6.287778001849044e-06
200,111,occ_plus_uniform,2.2330932848268685e-06
200,111,oracle_tail,1.6296190840498242e-06
200,111,tis,1.893841101275644e-05
200,111,tis_anchored,7.140006357423289e-06
200,111,uniform,2.295753095790875e-05
200,112,complete_rollout,6.409693378204719e-06
200,112,learned_mean,6.510615847248924e-06
200,112,learned_occupancy,5.990619098924317e-06
200,112,occ_plus_mean,3.857134927590278e-06
200,112,occ_plus_uniform,2.40020383820759e-06
200,112,oracle_tail,5.175473143700076e-05
200,112,tis,5.2565066215940794e-05
200,112,tis_anchored,2.9203111150032695e-06
200,112,uniform,6.948503085883284e-05
200,113,complete_rollout,2.5913178370556063e-06
200,113,learned_mean,2.7648002281028567e-05
200,113,learned_occupancy,2.2628127727053395e-05
200,113,occ_plus_mean,1.3966722305651244e-05
200,113,occ_plus_uniform,6.591738882913625e-06
200,113,oracle_tail,0.00021355205583292215
200,113,tis,2.7297263647775286e-05
200,113,tis_anchored,1.3454041689420007e-05
200,113,uniform,0.00027545620832887584
200,114,complete_rollout,2.0351039371899615e-06
200,114,learned_mean,0.00014114525440622012
200,114,learned_occupancy,7.198654350908516e-06
200,114,occ_plus_mean,5.9159380846285154e-06
200,114,occ_plus_uniform,1.4442918920668487e-05
200,114,oracle_tail,1.9000180308889179e-06
200,114,tis,0.00014262050504158823
200,114,tis_anchored,6.479727050309325e-06
200,114,uniform,5.417745512528613e-05
200,115,complete_rollout,2.3302480161530583e-06
200,115,learned_mean,2.126241578747794e-05
200,115,learned_occupancy,4.346543131493822e-06
200,115,occ_plus_mean,2.408096972917247e-06
200,115,occ_plus_uniform,1.0923096294416512e-05
200,115,oracle_tail,2.36899003543451e-05
200,115,tis,2.321316062805703e-05
200,115,tis_anchored,3.791958468927352e-06
200,115,uniform,0.00025219760043116183
200,116,complete_rollout,3.60872511781492e-06
200,116,learned_mean,9.010420437510757e-05
200,116,learned_occupancy,5.176101807457632e-06
200,116,occ_plus_mean,6.697161366570808e-06
200,116,occ_plus_uniform,4.383584374554979e-06
200,116,oracle_tail,5.040281801331121e-06
200,116,tis,8.997656639464629e-05
200,116,tis_anchored,5.946470668361613e-06
200,116,uniform,3.301053167205768e-05
200,117,complete_rollout,2.0046820274951214e-06
200,117,learned_mean,1.071995514624573e-05
200,117,learned_occupancy,4.102133500486928e-06
200,117,occ_plus_mean,2.1396985856968263e-06
200,117,occ_plus_uniform,3.5983176875659843e-06
200,117,oracle_tail,8.479815078626005e-07
200,117,tis,2.3995919853648336e-05
200,117,tis_anchored,2.7053204865097946e-06
200,117,uniform,7.23904158031498e-05
200,118,complete_rollout,9.658964769778127e-06
200,118,learned_mean,8.051836638588545e-06
200,118,learned_occupancy,7.48653699372928e-06
200,118,occ_plus_mean,8.72591945571234e-06
200,118,occ_plus_uniform,6.908530206072496e-06
200,118,oracle_tail,4.3384494921136585e-06
200,118,tis,8.146101735220621e-06
200,118,tis_anchored,5.396152621552851e-06
200,118,uniform,5.6626392455081944e-05
200,119,complete_rollout,4.655644391217166e-06
200,119,learned_mean,1.992467964167478e-06
200,119,learned_occupancy,2.828694422118895e-06
200,119,occ_plus_mean,4.2037837128182e-06
200,119,occ_plus_uniform,8.488479017171917e-06
200,119,oracle_tail,2.200813038880045e-06
200,119,tis,0.00025676200271807566
200,119,tis_anchored,4.153915118649811e-06
200,119,uniform,1.7740312789779185e-05
200,120,complete_rollout,3.0611732771569306e-06
200,120,learned_mean,1.4332827295917997e-05
200,120,learned_occupancy,5.8185542770419134e-06
200,120,occ_plus_mean,3.602054673798502e-06
200,120,occ_plus_uniform,3.83542896257897e-06
200,120,oracle_tail,2.114894993119208e-06
200,120,tis,3.712686396841078e-05
200,120,tis_anchored,3.843921012013684e-06
200,120,uniform,3.948796005300185e-05
200,121,complete_rollout,1.0615981150107463e-06
200,121,learned_mean,1.6716142282769843e-05
200,121,learned_occupancy,5.7190162979507555e-06
200,121,occ_plus_mean,5.95492044604968e-06
200,121,occ_plus_uniform,1.065990553883987e-05
200,121,oracle_tail,2.8838385314677967e-06
200,121,tis,1.5679102539471323e-05
200,121,tis_anchored,5.413565873605121e-06
200,121,uniform,6.0573314120685976e-05
200,122,complete_rollout,6.834293565197432e-06
200,122,learned_mean,3.0320989423164406e-05
200,122,learned_occupancy,7.710048533293462e-06
200,122,occ_plus_mean,8.14917829799773e-06
200,122,occ_plus_uniform,1.2637927823354062e-05
200,122,oracle_tail,7.910673085593541e-06
200,122,tis,5.036564450549799e-05
200,122,tis_anchored,6.133935009604419e-06
200,122,uniform,6.840281579981485e-05
200,123,complete_rollout,4.012007330366223e-06
200,123,learned_mean,8.667705814906237e-05
200,123,learned_occupancy,6.944564455383752e-06
200,123,occ_plus_mean,8.165309004806386e-06
200,123,occ_plus_uniform,4.819787613200709e-06
200,123,oracle_tail,3.7478384674165588e-06
200,123,tis,0.00010282722680557181
200,123,tis_anchored,7.523225384267744e-06
200,123,uniform,5.1802703595201676e-05
200,124,complete_rollout,1.091810356703045e-06
200,124,learned_mean,0.00010578589638889951
200,124,learned_occupancy,2.0997072152488706e-06
200,124,occ_plus_mean,3.4347376745814703e-06
200,124,occ_plus_uniform,2.6859812762840894e-06
200,124,oracle_tail,1.1098492538477495e-05
200,124,tis,0.00012535122291297088
200,124,tis_anchored,3.069685583126008e-06
200,124,uniform,7.12141405349199e-05
200,125,complete_rollout,9.722500546349542e-07
200,125,learned_mean,2.0355056242876358e-05
200,125,learned_occupancy,5.403807606861511e-06
200,125,occ_plus_mean,7.837975250353693e-06
200,125,occ_plus_uniform,1.0544875313176895e-05
200,125,oracle_tail,1.2159413853825465e-05
200,125,tis,3.58857683843428e-05
200,125,tis_anchored,5.655103951696747e-06
200,125,uniform,5.0908529855653827e-05
200,126,complete_rollout,4.796700184705488e-06
200,126,learned_mean,4.499157088485275e-06
200,126,learned_occupancy,1.8132955351942086e-06
200,126,occ_plus_mean,1.7283544867239482e-06
200,126,occ_plus_uniform,6.667072643310529e-06
200,126,oracle_tail,1.1343923964281002e-05
200,126,tis,0.00021305164670006504
200,126,tis_anchored,1.5960877849438583e-06
200,126,uniform,9.010003663958016e-05
200,127,complete_rollout,3.6334193096467735e-06
200,127,learned_mean,4.97896079219989e-06
200,127,learned_occupancy,4.808941187955319e-06
200,127,occ_plus_mean,3.6283399934645317e-06
200,127,occ_plus_uniform,6.896448214995461e-06
200,127,oracle_tail,1.7875354936767083e-06
200,127,tis,2.7661132478111046e-05
200,127,tis_anchored,3.7056528906286924e-06
200,127,uniform,3.878197485025774e-05
200,128,complete_rollout,1.7908554594439988e-06
200,128,learned_mean,5.836606253096137e-05
200,128,learned_occupancy,1.3872186828246713e-05
200,128,occ_plus_mean,9.593261596800241e-06
200,128,occ_plus_uniform,8.171289285616485e-06
200,128,oracle_tail,7.525975913827238e-06
200,128,tis,8.53462772726063e-05
200,128,tis_anchored,3.967992185824745e-06
200,128,uniform,3.654503929605102e-05
200,129,complete_rollout,1.6749485328781723e-06
200,129,learned_mean,3.961668235266787e-05
200,129,learned_occupancy,5.416294589397911e-06
200,129,occ_plus_mean,4.940928919188987e-06
200,129,occ_plus_uniform,3.882964145891413e-06
200,129,oracle_tail,2.898999949306117e-06
200,129,tis,2.1510179490435572e-05
200,129,tis_anchored,5.2143193016678065e-06
200,129,uniform,0.0002032562103055232
200,130,complete_rollout,7.256542274657523e-06
200,130,learned_mean,1.2702344472294124e-05
200,130,learned_occupancy,6.138120712750926e-06
200,130,occ_plus_mean,4.942810215299606e-06
200,130,occ_plus_uniform,9.241958203380944e-06
200,130,oracle_tail,1.7311531035740697e-06
200,130,tis,1.066616029843696e-05
200,130,tis_anchored,3.3531868371846773e-06
200,130,uniform,3.8972180416189094e-05
200,131,complete_rollout,5.111142852634304e-06
200,131,learned_mean,0.00012542937657375174
200,131,learned_occupancy,2.9757252955355875e-06
200,131,occ_plus_mean,2.7404031315293626e-06
200,131,occ_plus_uniform,1.5581055658212672e-06
200,131,oracle_tail,1.4723071956212572e-06
200,131,tis,0.00013821100840196484
200,131,tis_anchored,3.034449542123885e-06
200,131,uniform,8.383377639364261e-05
200,132,complete_rollout,2.3600229351478137e-06
200,132,learned_mean,3.486339981208377e-06
200,132,learned_occupancy,1.7542665165614534e-06
200,132,occ_plus_mean,2.942595654760197e-06
200,132,occ_plus_uniform,3.312559023784971e-06
200,132,oracle_tail,2.1879745174490813e-05
200,132,tis,5.277644894280653e-06
200,132,tis_anchored,2.2840114986909545e-06
200,132,uniform,8.160529340473143e-05
200,133,complete_rollout,9.173821018911018e-07
200,133,learned_mean,7.443298084290976e-05
200,133,learned_occupancy,1.550995432689281e-05
200,133,occ_plus_mean,1.2219847691021726e-05
200,133,occ_plus_uniform,6.930371617500098e-06
200,133,oracle_tail,2.4832533542603517e-06
200,133,tis,0.0004967422330676486
200,133,tis_anchored,1.1465372262179064e-05
200,133,uniform,9.156739689583353e-05
200,134,complete_rollout,1.0444248092692544e-06
200,134,learned_mean,1.423509473494929e-05
200,134,learned_occupancy,3.765932143188836e-06
200,134,occ_plus_mean,2.2119615349193947e-06
200,134,occ_plus_uniform,2.91273932196828e-06
200,134,oracle_tail,7.97838514276328e-06
200,134,tis,3.975357651238069e-05
200,134,tis_anchored,1.3282287490441885e-06
200,134,uniform,6.601951523177808e-05
200,135,complete_rollout,3.9933311454825565e-06
200,135,learned_mean,1.0145313693722064e-05
200,135,learned_occupancy,3.6681089640523254e-06
200,135,occ_plus_mean,5.102917963303816e-06
200,135,occ_plus_uniform,7.212891228929787e-06
200,135,oracle_tail,1.6392896525281382e-06
200,135,tis,1.6766913204976375e-05
200,135,tis_anchored,5.147184820667616e-06
200,135,uniform,2.0658707429000204e-05
200,136,complete_rollout,2.387394883391307e-06
200,136,learned_mean,1.0443419842522903e-05
200,136,learned_occupancy,1.3038168457045084e-05
200,136,occ_plus_mean,6.412078199747534e-06
200,136,occ_plus_uniform,8.7991423364076e-06
200,136,oracle_tail,2.3482684713644403e-06
200,136,tis,6.218802934990752e-05
200,136,tis_anchored,7.0455035119567045e-06
200,136,uniform,8.367850565643147e-05
200,137,complete_rollout,1.7932770404183769e-06
200,137,learned_mean,2.3860562995846014e-05
200,137,learned_occupancy,1.0853901534462161e-05
200,137,occ_plus_mean,6.3836499339764045e-06
200,137,occ_plus_uniform,1.1328385081200053e-05
200,137,oracle_tail,3.2395466922478076e-05
200,137,tis,0.00033702338286031153
200,137,tis_anchored,6.664060798714411e-06
200,137,uniform,4.6536285393411624e-05
200,138,complete_rollout,3.5199484174637668e-06
200,138,learned_mean,6.329474698307902e-06
200,138,learned_occupancy,7.061469169416967e-06
200,138,occ_plus_mean,1.0068569563978674e-05
200,138,occ_plus_uniform,3.5289301005562242e-06
200,138,oracle_tail,9.852030902557955e-05
200,138,tis,1.100288468894459e-05
200,138,tis_anchored,7.165057585348631e-06
200,138,uniform,0.00014869774948901847
200,139,complete_rollout,7.03416592002319e-07
200,139,learned_mean,2.878672730018422e-05
200,139,learned_occupancy,5.2810568683832654e-06
200,139,occ_plus_mean,3.261099067438543e-06
200,139,occ_plus_uniform,9.519005824453822e-06
200,139,oracle_tail,1.2377092147224691e-06
200,139,tis,3.34813371991045e-05
200,139,tis_anchored,3.0061554860786434e-06
200,139,uniform,6.800065629703615e-05
200,140,complete_rollout,1.6492219640247072e-06
200,140,learned_mean,1.1952935280968755e-05
200,140,learned_occupancy,8.971903674277762e-06
200,140,occ_plus_mean,5.043962915372538e-06
200,140,occ_plus_uniform,6.8064656109394895e-06
200,140,oracle_tail,3.719289183602122e-06
200,140,tis,1.4294965044347408e-05
200,140,tis_anchored,7.653824964204592e-06
200,140,uniform,2.613988872556108e-05
200,141,complete_rollout,1.8627092731208733e-06
200,141,learned_mean,1.758345668953312e-05
200,141,learned_occupancy,4.722445588695512e-06
200,141,occ_plus_mean,5.599277133942891e-06
200,141,occ_plus_uniform,1.5181080370076799e-05
200,141,oracle_tail,1.3043924124255627e-05
200,141,tis,1.9454522976558246e-05
200,141,tis_anchored,6.309595060637917e-06
200,141,uniform,8.859557611156423e-05
200,142,complete_rollout,1.2623713705416537e-06
200,142,learned_mean,8.515033740936468e-06
200,142,learned_occupancy,2.8264501141154854e-06
200,142,occ_plus_mean,3.4211441445255664e-06
200,142,occ_plus_uniform,3.3605136734116434e-06
200,142,oracle_tail,7.6781217063852e-06
200,142,tis,2.659735614226437e-05
200,142,tis_anchored,2.0894806271645474e-06
200,142,uniform,4.282511162227666e-05
200,143,complete_rollout,6.740621149380103e-06
200,143,learned_mean,1.370280650337866e-05
200,143,learned_occupancy,9.325756468244454e-06
200,143,occ_plus_mean,7.799220645291742e-06
200,143,occ_plus_uniform,8.651894147900231e-06
200,143,oracle_tail,0.00020116974844906142
200,143,tis,0.00016140511175634508
200,143,tis_anchored,7.809824415794452e-06
200,143,uniform,0.00022318345293390396
200,144,complete_rollout,2.9266652905575687e-06
200,144,learned_mean,1.786620696131946e-05
200,144,learned_occupancy,4.656843230097378e-06
200,144,occ_plus_mean,6.54622444406583e-06
200,144,occ_plus_uniform,5.534607658793349e-06
200,144,oracle_tail,1.744510111994236e-06
200,144,tis,1.1697740526957644e-05
200,144,tis_anchored,5.154658367290773e-06
200,144,uniform,4.4131326622144615e-05
200,145,complete_rollout,8.795568652645976e-06
200,145,learned_mean,4.2087079077872145e-05
200,145,learned_occupancy,5.600907359854259e-06
200,145,occ_plus_mean,2.2729990305934827e-06
200,145,occ_plus_uniform,6.042740511809269e-06
200,145,oracle_tail,5.617297751053429e-06
200,145,tis,4.833594117030662e-05
200,145,tis_anchored,2.459209692503827e-06
200,145,uniform,0.0002933621154763093
200,146,complete_rollout,1.0391694591677712e-06
200,146,learned_mean,8.3113694608887e-06
200,146,learned_occupancy,4.261420258599729e-06
200,146,occ_plus_mean,7.9108606200287e-06
200,146,occ_plus_uniform,4.9723633904592575e-06
200,146,oracle_tail,2.7993927643349594e-06
200,146,tis,1.1240494782521692e-05
200,146,tis_anchored,6.7843022851397606e-06
200,146,uniform,7.491871544548468e-05
200,147,complete_rollout,3.966650288563552e-06
200,147,learned_mean,4.15825775824224e-06
200,147,learned_occupancy,6.766521284438186e-06
200,147,occ_plus_mean,8.00133886626207e-06
200,147,occ_plus_uniform,8.7729876165236e-06
200,147,oracle_tail,1.0026924525943208e-06
200,147,tis,7.297422553183083e-06
200,147,tis_anchored,4.2679047041211456e-06
200,147,uniform,3.352275622404933e-05
200,148,complete_rollout,4.581823290931978e-06
200,148,learned_mean,9.4715280502889e-06
200,148,learned_occupancy,8.500323627263598e-06
200,148,occ_plus_mean,1.212637261518336e-05
200,148,occ_plus_uniform,8.864043459258502e-06
200,148,oracle_tail,4.28757013130771e-05
200,148,tis,3.1182661104324e-05
200,148,tis_anchored,8.260004140210453e-06
200,148,uniform,0.00013386279615377515
200,149,complete_rollout,2.77235357023451e-06
200,149,learned_mean,1.3168136378175144e-05
200,149,learned_occupancy,1.3048761744595372e-05
200,149,occ_plus_mean,6.384205844088176e-06
200,149,occ_plus_uniform,6.29503125781991e-06
200,149,oracle_tail,8.809487863289273e-05
200,149,tis,0.00010499382263233657
200,149,tis_anchored,5.131881057059219e-06
200,149,uniform,0.00021432864378267985
200,150,complete_rollout,2.855301103614937e-06
200,150,learned_mean,7.80936963195188e-06
200,150,learned_occupancy,1.2985996032516875e-06
200,150,occ_plus_mean,1.3314383435085028e-06
200,150,occ_plus_uniform,4.616272870505633e-06
200,150,oracle_tail,3.927954187324359e-06
200,150,tis,2.1624174679404637e-05
200,150,tis_anchored,1.5270221436039086e-06
200,150,uniform,4.2400814601250583e-05
200,151,complete_rollout,2.145151590382217e-06
200,151,learned_mean,2.913885133216339e-05
200,151,learned_occupancy,7.659217771114618e-06
200,151,occ_plus_mean,6.64532845724509e-06
200,151,occ_plus_uniform,6.895377740862972e-06
200,151,oracle_tail,2.987353596312607e-06
200,151,tis,0.0004793203626236852
200,151,tis_anchored,7.016552894138313e-06
200,151,uniform,3.5772728788954365e-05
200,152,complete_rollout,1.9344703912967518e-06
200,152,learned_mean,7.912551082969995e-05
200,152,learned_occupancy,2.1870526141185957e-05
200,152,occ_plus_mean,2.3530076169705617e-05
200,152,occ_plus_uniform,8.85169837450606e-06
200,152,oracle_tail,1.7331773782995243e-06
200,152,tis,5.065034116502275e-05
200,152,tis_anchored,2.4536066631843594e-05
200,152,uniform,4.6659303949241964e-05
200,153,complete_rollout,1.5484967403040921e-06
200,153,learned_mean,1.0832835094478451e-05
200,153,learned_occupancy,1.407981463761195e-05
200,153,occ_plus_mean,1.2738264027376907e-05
200,153,occ_plus_uniform,7.297128312113941e-06
200,153,oracle_tail,2.542211455984089e-06
200,153,tis,1.4811761204431669e-05
200,153,tis_anchored,1.2426145400119097e-05
200,153,uniform,3.960324229317598e-05
200,154,complete_rollout,2.959890562411455e-06
200,154,learned_mean,9.787017391338937e-06
200,154,learned_occupancy,8.250472531477016e-06
200,154,occ_plus_mean,7.321477221730532e-06
200,154,occ_plus_uniform,5.02164921045389e-06
200,154,oracle_tail,4.466739063119127e-06
200,154,tis,1.5217272645719571e-05
200,154,tis_anchored,8.201526791536154e-06
200,154,uniform,3.0409969293075213e-05
200,155,complete_rollout,3.101080486380273e-06
200,155,learned_mean,5.225800698025244e-06
200,155,learned_occupancy,3.215186690366438e-06
200,155,occ_plus_mean,4.7938554245943775e-06
200,155,occ_plus_uniform,1.726091569058944e-06
200,155,oracle_tail,5.122528029313525e-06
200,155,tis,6.189779435926239e-06
200,155,tis_anchored,3.88426795532031e-06
200,155,uniform,4.0735040882519106e-05
200,156,complete_rollout,1.019770928908592e-06
200,156,learned_mean,0.0001067925780406209
200,156,learned_occupancy,1.3342669688864515e-05
200,156,occ_plus_mean,8.72726417526236e-06
200,156,occ_plus_uniform,1.470094899480005e-05
200,156,oracle_tail,4.711343118743113e-06
200,156,tis,0.00023056202466544313
200,156,tis_anchored,8.754885707799407e-06
200,156,uniform,0.000195383243938241
200,157,complete_rollout,3.127643285089103e-06
200,157,learned_mean,1.6759906361582853e-05
200,157,learned_occupancy,4.258737392555145e-06
200,157,occ_plus_mean,3.270392831714081e-06
200,157,occ_plus_uniform,5.712571558159308e-06
200,157,oracle_tail,4.5458897023303047e-05
200,157,tis,4.4255589266786796e-05
200,157,tis_anchored,3.325645014554175e-06
200,157,uniform,0.0001458635001826553
200,158,complete_rollout,5.747271036178281e-06
200,158,learned_mean,4.480186204775042e-05
200,158,learned_occupancy,3.0265967533258895e-06
200,158,occ_plus_mean,4.424923829399204e-06
200,158,occ_plus_uniform,2.10197639260392e-06
200,158,oracle_tail,4.021711389361453e-05
200,158,tis,6.729727463332867e-05
200,158,tis_anchored,4.636847168170985e-06
200,158,uniform,6.394187145758919e-05
200,159,complete_rollout,2.2715072182253157e-06
200,159,learned_mean,1.1550430332085538e-05
200,159,learned_occupancy,8.699505855819172e-06
200,159,occ_plus_mean,5.336142572851371e-06
200,159,occ_plus_uniform,9.051803954158348e-06
200,159,oracle_tail,1.3955299443618226e-06
200,159,tis,0.00028377826850545327
200,159,tis_anchored,3.383946517060379e-06
200,159,uniform,1.1673652023585682e-05
200,160,complete_rollout,1.6541154995135637e-06
200,160,learned_mean,6.159962588129384e-05
200,160,learned_occupancy,6.187915110638513e-06
200,160,occ_plus_mean,3.3497572272928617e-06
200,160,occ_plus_uniform,9.51566516960018e-06
200,160,oracle_tail,3.8960245548459244e-05
200,160,tis,4.4426851481617464e-05
200,160,tis_anchored,3.466040281531785e-06
200,160,uniform,6.794511984529345e-05
200,161,complete_rollout,6.382755986559474e-06
200,161,learned_mean,9.256922826869049e-05
200,161,learned_occupancy,9.426904890891162e-06
200,161,occ_plus_mean,5.526959724357702e-06
200,161,occ_plus_uniform,8.432254422323246e-06
200,161,oracle_tail,1.9019505922660466e-06
200,161,tis,9.165507043140956e-06
200,161,tis_anchored,4.661653062950563e-06
200,161,uniform,0.00011142630973262894
200,162,complete_rollout,9.47470775870422e-06
200,162,learned_mean,2.2590953466624666e-05
200,162,learned_occupancy,1.909992657538611e-05
200,162,occ_plus_mean,1.6547292274108598e-05
200,162,occ_plus_uniform,2.4996691793984906e-05
200,162,oracle_tail,6.104153162091705e-06
200,162,tis,2.203444061859702e-05
200,162,tis_anchored,1.4166203524668687e-05
200,162,uniform,2.1738659586455743e-05
200,163,complete_rollout,4.35255791444998e-06
200,163,learned_mean,4.96900033693572e-06
200,163,learned_occupancy,2.659768769273593e-06
200,163,occ_plus_mean,3.829147794806753e-06
200,163,occ_plus_uniform,6.8014680886013395e-06
200,163,oracle_tail,2.6671063315436063e-06
200,163,tis,4.1674785721802096e-05
200,163,tis_anchored,3.4392626634344123e-06
200,163,uniform,2.9964800238038926e-05
200,164,complete_rollout,4.796033837619459e-06
200,164,learned_mean,3.213232364600057e-05
200,164,learned_occupancy,2.542300873955481e-05
200,164,occ_plus_mean,1.5484498924970206e-05
200,164,occ_plus_uniform,5.428370647225683e-06
200,164,oracle_tail,1.3996721221621003e-06
200,164,tis,2.902228429461967e-05
200,164,tis_anchored,8.351231656760796e-06
200,164,uniform,7.17570922488602e-05
200,165,complete_rollout,1.944259775788518e-06
200,165,learned_mean,7.4148362499457905e-06
200,165,learned_occupancy,7.843994878783787e-07
200,165,occ_plus_mean,1.7113388698070427e-06
200,165,occ_plus_uniform,2.9595816044470633e-06
200,165,oracle_tail,7.13650910877136e-07
200,165,tis,2.244992971615066e-05
200,165,tis_anchored,2.0656183554226097e-06
200,165,uniform,6.259522929581215e-05
200,166,complete_rollout,2.097148068437128e-06
200,166,learned_mean,6.54823840362044e-06
200,166,learned_occupancy,7.3178873493468486e-06
200,166,occ_plus_mean,4.44786295240824e-06
200,166,occ_plus_uniform,8.122004922823086e-06
200,166,oracle_tail,1.1546022190374408e-06
200,166,tis,9.771943899100201e-06
200,166,tis_anchored,4.468404351062204e-06
200,166,uniform,4.7285640733571776e-05
200,167,complete_rollout,3.5728926530140566e-06
200,167,learned_mean,3.070223457383905e-05
200,167,learned_occupancy,3.4807277182528325e-06
200,167,occ_plus_mean,1.4639974577539003e-06
200,167,occ_plus_uniform,9.524074719099557e-06
200,167,oracle_tail,1.8649226804924323e-05
200,167,tis,0.00010196531447408106
200,167,tis_anchored,2.7899717328063524e-06
200,167,uniform,8.4724126014398e-05
200,168,complete_rollout,3.3913356292841503e-06
200,168,learned_mean,2.438651531531797e-05
200,168,learned_occupancy,8.73426721349235e-06
200,168,occ_plus_mean,7.888048637390632e-06
200,168,occ_plus_uniform,4.965037556117699e-06
200,168,oracle_tail,3.7632489976271597e-06
200,168,tis,6.321680364455212e-05
200,168,tis_anchored,9.942382041628304e-06
200,168,uniform,6.444526037793937e-05
200,169,complete_rollout,4.9861145925292355e-06
200,169,learned_mean,1.0188657836251533e-05
200,169,learned_occupancy,9.344681339254537e-06
200,169,occ_plus_mean,7.726836934777077e-06
200,169,occ_plus_uniform,1.3421219406169103e-05
200,169,oracle_tail,8.561485787681005e-06
200,169,tis,1.4478751379705499e-05
200,169,tis_anchored,9.859724775461801e-06
200,169,uniform,2.645936094828241e-05
200,170,complete_rollout,3.7637483875681757e-06
200,170,learned_mean,1.1254907189312577e-05
200,170,learned_occupancy,6.94985990507024e-06
200,170,occ_plus_mean,5.831626637635909e-06
200,170,occ_plus_uniform,5.633345709995936e-06
200,170,oracle_tail,2.313355864528816e-06
200,170,tis,1.2916104849592975e-05
200,170,tis_anchored,5.7604318067499404e-06
200,170,uniform,3.438087772827e-05
200,171,complete_rollout,1.9801098824992204e-06
200,171,learned_mean,7.238707583976464e-06
200,171,learned_occupancy,7.640203915198288e-06
200,171,occ_plus_mean,6.639648808310743e-06
200,171,occ_plus_uniform,5.537450280721765e-06
200,171,oracle_tail,1.40771899903966e-06
200,171,tis,0.0005077054702123991
200,171,tis_anchored,4.510224106958692e-06
200,171,uniform,0.00012720439324662638
200,172,complete_rollout,1.8278713518583244e-06
200,172,learned_mean,2.2379616805791572e-05
200,172,learned_occupancy,9.493141021559334e-06
200,172,occ_plus_mean,9.880734227444394e-06
200,172,occ_plus_uniform,3.5350413685000465e-06
200,172,oracle_tail,2.8702689944200788e-05
200,172,tis,0.000274328239653313
200,172,tis_anchored,6.1841093283727595e-06
200,172,uniform,0.00010364626314021295
200,173,complete_rollout,5.201826959824187e-06
200,173,learned_mean,1.1127560948021159e-05
200,173,learned_occupancy,4.898247154671434e-06
200,173,occ_plus_mean,6.188054044981765e-06
200,173,occ_plus_uniform,4.196255033285297e-06
200,173,oracle_tail,4.182699259311905e-06
200,173,tis,2.9365129792372075e-05
200,173,tis_anchored,7.151754463056497e-06
200,173,uniform,1.7554732761183577e-05
200,174,complete_rollout,3.84662136623329e-06
200,174,learned_mean,9.374969147536276e-06
200,174,learned_occupancy,1.8779650888333693e-05
200,174,occ_plus_mean,1.17959415598079e-05
200,174,occ_plus_uniform,1.8126449997896986e-05
200,174,oracle_tail,6.527132154781868e-06
200,174,tis,2.675151642472556e-05
200,174,tis_anchored,1.602201212124522e-05
200,174,uniform,0.00011727718286786973
200,175,complete_rollout,4.329718215018079e-06
200,175,learned_mean,1.4658272844135429e-05
200,175,learned_occupancy,4.630275084907205e-06
200,175,occ_plus_mean,3.815959181885496e-06
200,175,occ_plus_uniform,7.72398320862699e-06
200,175,oracle_tail,4.795010816780087e-06
200,175,tis,1.871870340219659e-05
200,175,tis_anchored,3.736537302488673e-06
200,175,uniform,2.8367659256912337e-05
200,176,complete_rollout,6.620831139303879e-06
200,176,learned_mean,6.988983076946566e-06
200,176,learned_occupancy,4.808705693941432e-06
200,176,occ_plus_mean,4.791183105319081e-06
200,176,occ_plus_uniform,7.99994795622404e-06
200,176,oracle_tail,3.2436187123861917e-05
200,176,tis,2.1122291706603126e-05
200,176,tis_anchored,5.902045030616262e-06
200,176,uniform,6.386637032921573e-05
200,177,complete_rollout,5.634374343930774e-06
200,177,learned_mean,5.1150320215269316e-05
200,177,learned_occupancy,6.368687713269305e-06
200,177,occ_plus_mean,6.80394130489518e-06
200,177,occ_plus_uniform,1.240550377040013e-05
200,177,oracle_tail,4.882789965554357e-06
200,177,tis,4.457654114163682e-05
200,177,tis_anchored,6.750760523514483e-06
200,177,uniform,8.130610774622146e-05
200,178,complete_rollout,3.7096552710329545e-06
200,178,learned_mean,3.4137894175479235e-06
200,178,learned_occupancy,1.1322678741057056e-05
200,178,occ_plus_mean,8.199183203178379e-06
200,178,occ_plus_uniform,9.525397341130441e-06
200,178,oracle_tail,3.0243981050290947e-06
200,178,tis,1.1688216914202158e-05
200,178,tis_anchored,9.744172939769735e-06
200,178,uniform,7.318958522579253e-05
200,179,complete_rollout,4.749571565533434e-06
200,179,learned_mean,5.161318459275438e-06
200,179,learned_occupancy,5.116038202680497e-06
200,179,occ_plus_mean,4.662208204283361e-06
200,179,occ_plus_uniform,7.05640332530967e-06
200,179,oracle_tail,5.385387272668269e-06
200,179,tis,1.2269748723986255e-05
200,179,tis_anchored,4.605619168350726e-06
200,179,uniform,5.2579438613205054e-05
200,180,complete_rollout,3.9063353533309265e-06
200,180,learned_mean,1.6062915541962003e-05
200,180,learned_occupancy,6.8868659013474884e-06
200,180,occ_plus_mean,4.880583006982e-06
200,180,occ_plus_uniform,6.56123950747278e-06
200,180,oracle_tail,2.2591812214438074e-06
200,180,tis,8.020026592330625e-06
200,180,tis_anchored,5.28755951169081e-06
200,180,uniform,0.00013247920360966774
200,181,complete_rollout,8.05975215358357e-06
200,181,learned_mean,1.095319016163582e-05
200,181,learned_occupancy,9.976888219610742e-06
200,181,occ_plus_mean,8.522528908578997e-06
200,181,occ_plus_uniform,1.4846841750263992e-05
200,181,oracle_tail,3.5951958212290854e-05
200,181,tis,2.3729697346459863e-05
200,181,tis_anchored,7.701716051472674e-06
200,181,uniform,0.00011800454163386499
200,182,complete_rollout,1.7160676501717545e-06
200,182,learned_mean,1.0055291728574062e-05
200,182,learned_occupancy,6.213458287240419e-06
200,182,occ_plus_mean,5.660221000028467e-06
200,182,occ_plus_uniform,7.274446652905262e-06
200,182,oracle_tail,2.4881226135301098e-06
200,182,tis,8.797858498935521e-06
200,182,tis_anchored,5.596195850637656e-06
200,182,uniform,3.3747547196780306e-05
200,183,complete_rollout,6.197070058391153e-06
200,183,learned_mean,0.00016681938782781767
200,183,learned_occupancy,1.1502551697550212e-05
200,183,occ_plus_mean,1.2169656037930958e-05
200,183,occ_plus_uniform,1.4824043730535251e-05
200,183,oracle_tail,1.9289489378381686e-06
200,183,tis,2.5452638738114422e-05
200,183,tis_anchored,9.816542205175076e-06
200,183,uniform,0.0002700249889342958
200,184,complete_rollout,3.6768487167620436e-06
200,184,learned_mean,1.9032599612612868e-05
200,184,learned_occupancy,5.762905477383161e-06
200,184,occ_plus_mean,4.293839829944783e-06
200,184,occ_plus_uniform,5.781943959270394e-06
200,184,oracle_tail,1.0990504583765241e-05
200,184,tis,3.621326746200484e-06
200,184,tis_anchored,3.0636443510763798e-06
200,184,uniform,0.00017743487295423545
200,185,complete_rollout,3.016906849665414e-06
200,185,learned_mean,5.9587338501197645e-06
200,185,learned_occupancy,6.0868595941877e-06
200,185,occ_plus_mean,4.707665162167197e-06
200,185,occ_plus_uniform,1.1976624670543182e-05
200,185,oracle_tail,7.626875307495706e-05
200,185,tis,5.0209648961201726e-05
200,185,tis_anchored,7.670377897351941e-06
200,185,uniform,9.068494100794385e-05
200,186,complete_rollout,1.2850452860391953e-06
200,186,learned_mean,1.4070868156320625e-05
200,186,learned_occupancy,3.167225081163459e-06
200,186,occ_plus_mean,5.782309449512268e-06
200,186,occ_plus_uniform,4.006717905434709e-06
200,186,oracle_tail,0.0002078084123831062
200,186,tis,1.9129288854191365e-05
200,186,tis_anchored,5.914366032908898e-06
200,186,uniform,0.0002725475639685099
200,187,complete_rollout,5.114735745630294e-06
200,187,learned_mean,0.00034536115115670036
200,187,learned_occupancy,8.399516555926602e-06
200,187,occ_plus_mean,7.355134813532502e-06
200,187,occ_plus_uniform,6.6880582998232745e-06
200,187,oracle_tail,5.753890891307642e-05
200,187,tis,6.693218306754802e-05
200,187,tis_anchored,7.4335823143440515e-06
200,187,uniform,0.00015133891055310142
200,188,complete_rollout,3.5519382972304253e-06
200,188,learned_mean,2.129793383560372e-05
200,188,learned_occupancy,5.3340899193534404e-06
200,188,occ_plus_mean,2.081434907924492e-06
200,188,occ_plus_uniform,4.198880989450287e-06
200,188,oracle_tail,4.628159673233699e-06
200,188,tis,2.0923442250796957e-05
200,188,tis_anchored,4.100025071456509e-06
200,188,uniform,1.5015206854805706e-05
200,189,complete_rollout,1.2012774236240672e-06
200,189,learned_mean,6.234311200009497e-06
200,189,learned_occupancy,7.152349978129583e-06
200,189,occ_plus_mean,7.905417794571603e-06
200,189,occ_plus_uniform,7.616260943666117e-06
200,189,oracle_tail,0.00015085536689474725
200,189,tis,0.0001250862822053369
200,189,tis_anchored,7.648692571126163e-06
200,189,uniform,0.00016728986754165518
200,190,complete_rollout,1.063216403461725e-05
200,190,learned_mean,1.921195497886437e-05
200,190,learned_occupancy,3.2014453434505286e-06
200,190,occ_plus_mean,3.9113112823491285e-06
200,190,occ_plus_uniform,6.623680985548408e-06
200,190,oracle_tail,2.6367066364263565e-05
200,190,tis,6.991689842111585e-05
200,190,tis_anchored,3.096749945503819e-06
200,190,uniform,0.00016545180456885224
200,191,complete_rollout,1.2823834462930947e-06
200,191,learned_mean,2.0145485194607518e-05
200,191,learned_occupancy,2.3251057726091775e-05
200,191,occ_plus_mean,2.1015951729484824e-05
200,191,occ_plus_uniform,1.4115022885381393e-05
200,191,oracle_tail,6.44266837807653e-05
200,191,tis,9.061000532196534e-05
200,191,tis_anchored,1.889383270740676e-05
200,191,uniform,0.00017301926329332698
200,192,complete_rollout,4.919461657520334e-06
200,192,learned_mean,5.72789910118363e-06
200,192,learned_occupancy,4.137476494580835e-06
200,192,occ_plus_mean,3.6503279991826466e-06
200,192,occ_plus_uniform,4.213046156032372e-06
200,192,oracle_tail,2.593573585435896e-06
200,192,tis,6.452732816275651e-06
200,192,tis_anchored,3.28210410574806e-06
200,192,uniform,2.5156854413895132e-05
200,193,complete_rollout,2.8224698993448113e-06
200,193,learned_mean,1.3684736675959112e-05
200,193,learned_occupancy,1.1342498937910267e-05
200,193,occ_plus_mean,1.5288264367333736e-05
200,193,occ_plus_uniform,1.4979429743274835e-05
200,193,oracle_tail,2.8086087068151452e-06
200,193,tis,3.277479109651461e-05
200,193,tis_anchored,1.6221685076628784e-05
200,193,uniform,8.911420088970128e-05
200,194,complete_rollout,7.815490483860928e-06
200,194,learned_mean,1.7832573662819553e-05
200,194,learned_occupancy,5.9279314393084655e-06
200,194,occ_plus_mean,1.1272274560804303e-05
200,194,occ_plus_uniform,7.3382444492830895e-06
200,194,oracle_tail,1.8954836893389581e-06
200,194,tis,2.1097841157155774e-05
200,194,tis_anchored,1.0571725521333454e-05
200,194,uniform,6.310333265818404e-06
200,195,complete_rollout,1.702200435679329e-06
200,195,learned_mean,1.8623040191973726e-05
200,195,learned_occupancy,1.0674430672669934e-05
200,195,occ_plus_mean,6.054625737308868e-06
200,195,occ_plus_uniform,1.0873863019448837e-05
200,195,oracle_tail,4.131418383836594e-06
200,195,tis,3.6410811238688576e-05
200,195,tis_anchored,6.415928969203291e-06
200,195,uniform,3.729055302662915e-05
200,196,complete_rollout,3.5799852281606074e-06
200,196,learned_mean,5.207475304954261e-06
200,196,learned_occupancy,7.182562932923083e-06
200,196,occ_plus_mean,7.758490789841142e-06
200,196,occ_plus_uniform,6.818850213558807e-06
200,196,oracle_tail,1.924059897449109e-06
200,196,tis,7.329070551972003e-06
200,196,tis_anchored,8.809302404388717e-06
200,196,uniform,7.242538765329541e-05
200,197,complete_rollout,1.7459670217358493e-06
200,197,learned_mean,9.028253938921998e-06
200,197,learned_occupancy,3.6918723735342023e-06
200,197,occ_plus_mean,4.268823387053009e-06
200,197,occ_plus_uniform,5.702259178324175e-06
200,197,oracle_tail,4.304199933262117e-05
200,197,tis,8.283056057739865e-05
200,197,tis_anchored,3.7975019769399732e-06
200,197,uniform,0.00014226532566602147
200,198,complete_rollout,3.0212302465988046e-06
200,198,learned_mean,6.987521683592078e-06
200,198,learned_occupancy,7.914866847719449e-06
200,198,occ_plus_mean,6.5241137638807686e-06
200,198,occ_plus_uniform,5.25397455604307e-06
200,198,oracle_tail,1.6910521582185824e-05
200,198,tis,2.4333948378244835e-05
200,198,tis_anchored,6.225666684292733e-06
200,198,uniform,7.237038254233814e-05
200,199,complete_rollout,1.6289012611721957e-06
200,199,learned_mean,6.987085352408321e-06
200,199,learned_occupancy,1.2545252048942775e-05
200,199,occ_plus_mean,6.42407059387546e-06
200,199,occ_plus_uniform,1.7916427533460924e-05
200,199,oracle_tail,8.750414438996116e-07
200,199,tis,7.128427005139899e-06
200,199,tis_anchored,7.386904154019558e-06
200,199,uniform,2.0040689918112543e-05
200,200,complete_rollout,2.7797542208585306e-06
200,200,learned_mean,1.8931144548371145e-05
200,200,learned_occupancy,8.084378903116806e-06
200,200,occ_plus_mean,5.217753622124987e-06
200,200,occ_plus_uniform,4.3189404266525865e-06
200,200,oracle_tail,1.0060469883321904e-06
200,200,tis,2.088545846034709e-05
200,200,tis_anchored,4.528106705240027e-06
200,200,uniform,4.853482009904766e-05
200,201,complete_rollout,2.1732764012924642e-06
200,201,learned_mean,2.3338514186392106e-05
200,201,learned_occupancy,1.6469673416716634e-05
200,201,occ_plus_mean,4.829715866075054e-06
200,201,occ_plus_uniform,7.641884755813365e-06
200,201,oracle_tail,2.2902719680548156e-05
200,201,tis,5.0493943214019766e-05
200,201,tis_anchored,5.3461803795676745e-06
200,201,uniform,9.175144880838527e-05
200,202,complete_rollout,5.080338277531614e-06
200,202,learned_mean,2.5307489282165605e-05
200,202,learned_occupancy,1.5010377311177333e-05
200,202,occ_plus_mean,1.292712327673943e-05
200,202,occ_plus_uniform,7.255641579566011e-06
200,202,oracle_tail,4.897701581048526e-05
200,202,tis,0.0001287829725669697
200,202,tis_anchored,1.2063896930077276e-05
200,202,uniform,8.549593081172828e-05
200,203,complete_rollout,1.396197226150048e-06
200,203,learned_mean,1.4798377041432558e-05
200,203,learned_occupancy,4.2591180681225355e-06
200,203,occ_plus_mean,4.656377161922936e-06
200,203,occ_plus_uniform,4.6681912257737835e-06
200,203,oracle_tail,1.4687514745148283e-06
200,203,tis,2.4068189574946823e-05
200,203,tis_anchored,4.279513127270871e-06
200,203,uniform,6.445818140968277e-05
200,204,complete_rollout,4.104625312604358e-06
200,204,learned_mean,6.762320025813891e-06
200,204,learned_occupancy,5.280228982537528e-05
200,204,occ_plus_mean,2.3094504900280603e-06
200,204,occ_plus_uniform,2.473913804828861e-05
200,204,oracle_tail,4.92983373065943e-06
200,204,tis,2.9161890851785004e-05
200,204,tis_anchored,2.1850217928955926e-06
200,204,uniform,5.655286138203327e-05
200,205,complete_rollout,2.0144849638259005e-06
200,205,learned_mean,0.00015719545415636036
200,205,learned_occupancy,6.933267257513891e-06
200,205,occ_plus_mean,5.311881803241437e-06
200,205,occ_plus_uniform,4.184041855696098e-06
200,205,oracle_tail,8.359940375861685e-07
200,205,tis,0.00016585059928932256
200,205,tis_anchored,4.343877067752561e-06
200,205,uniform,6.260107970371525e-05
200,206,complete_rollout,2.6612637650196935e-06
200,206,learned_mean,2.217799937104528e-05
200,206,learned_occupancy,6.752073869341847e-06
200,206,occ_plus_mean,3.3997460848402073e-06
200,206,occ_plus_uniform,5.763310976136852e-06
200,206,oracle_tail,1.2813592599832651e-06
200,206,tis,1.402068000879524e-05
200,206,tis_anchored,3.873995978449607e-06
200,206,uniform,6.824002534294626e-05
200,207,complete_rollout,1.3434491003049924e-06
200,207,learned_mean,3.828482928093171e-05
200,207,learned_occupancy,4.593615784292474e-06
200,207,occ_plus_mean,4.685250164815198e-06
200,207,occ_plus_uniform,3.922689773427094e-06
200,207,oracle_tail,1.0982787061357232e-06
200,207,tis,5.7459306990572415e-05
200,207,tis_anchored,5.4716480265267475e-06
200,207,uniform,4.466418664357069e-05
200,208,complete_rollout,8.782826732569848e-07
200,208,learned_mean,3.7008604088397755e-06
200,208,learned_occupancy,2.815334994021894e-06
200,208,occ_plus_mean,2.430023345057848e-06
200,208,occ_plus_uniform,4.40568979760457e-06
200,208,oracle_tail,3.389936824577581e-06
200,208,tis,5.812128442023676e-06
200,208,tis_anchored,3.293640539385213e-06
200,208,uniform,5.569228233558769e-05
200,209,complete_rollout,5.199301491773295e-06
200,209,learned_mean,0.00011153842273195476
200,209,learned_occupancy,3.9171133643155815e-06
200,209,occ_plus_mean,4.567884581921371e-06
200,209,occ_plus_uniform,4.559733568719417e-06
200,209,oracle_tail,3.770922248721428e-06
200,209,tis,0.00027076577560185527
200,209,tis_anchored,5.335274578592703e-06
200,209,uniform,0.00019413489964563115
200,210,complete_rollout,3.512586749170611e-06
200,210,learned_mean,1.9384229255372826e-05
200,210,learned_occupancy,2.3516501382345153e-05
200,210,occ_plus_mean,2.0473543857043444e-05
200,210,occ_plus_uniform,3.3070432119369184e-05
200,210,oracle_tail,4.720538601708844e-06
200,210,tis,1.0368972910551123e-05
200,210,tis_anchored,3.1980679714742636e-05
200,210,uniform,0.00017229803492202394
200,211,complete_rollout,3.99302180350605e-06
200,211,learned_mean,5.1895899457703194e-05
200,211,learned_occupancy,5.270267270264147e-06
200,211,occ_plus_mean,5.505942868553694e-06
200,211,occ_plus_uniform,1.3479617878391034e-05
200,211,oracle_tail,1.0934196172727873e-06
200,211,tis,3.8328055035302944e-05
200,211,tis_anchored,5.4482670951684534e-06
200,211,uniform,0.00013413282263505203
200,212,complete_rollout,2.450420340759964e-06
200,212,learned_mean,1.7873416665387397e-05
200,212,learned_occupancy,9.922656353583916e-06
200,212,occ_plus_mean,3.7056776241843064e-06
200,212,occ_plus_uniform,4.178663497498022e-06
200,212,oracle_tail,1.2937060294175956e-05
200,212,tis,7.33760796021496e-05
200,212,tis_anchored,3.5992220469854215e-06
200,212,uniform,5.6909634026610334e-05
200,213,complete_rollout,4.981067147837492e-06
200,213,learned_mean,2.6428431299210178e-05
200,213,learned_occupancy,1.4490591620482512e-05
200,213,occ_plus_mean,9.017936473501423e-06
200,213,occ_plus_uniform,1.6191920494740175e-05
200,213,oracle_tail,2.7828575455631745e-06
200,213,tis,3.960401394257214e-05
200,213,tis_anchored,1.0313989927343885e-05
200,213,uniform,6.53913117068804e-05
200,214,complete_rollout,1.2090115069367075e-06
200,214,learned_mean,1.2432615574076322e-05
200,214,learned_occupancy,2.4168096233513672e-06
200,214,occ_plus_mean,3.2888062851242623e-06
200,214,occ_plus_uniform,4.3074664723356675e-06
200,214,oracle_tail,2.77902791176061e-05
200,214,tis,3.293407046701965e-05
200,214,tis_anchored,3.5235241918963777e-06
200,214,uniform,5.202063443637232e-05
200,215,complete_rollout,8.036019230048581e-06
200,215,learned_mean,2.1965948208245717e-05
200,215,learned_occupancy,6.357485571322836e-06
200,215,occ_plus_mean,3.931803902928998e-06
200,215,occ_plus_uniform,7.1602901396041215e-06
200,215,oracle_tail,1.6719908612373541e-06
200,215,tis,3.0118796790397942e-05
200,215,tis_anchored,4.3007045868971185e-06
200,215,uniform,3.1725040270499485e-05
200,216,complete_rollout,3.853012879152554e-06
200,216,learned_mean,1.8417385393350666e-05
200,216,learned_occupancy,1.42191500722705e-05
200,216,occ_plus_mean,9.944932606885948e-06
200,216,occ_plus_uniform,1.0132191455621028e-05
200,216,oracle_tail,5.108850248571698e-06
200,216,tis,2.5756396190934632e-05
200,216,tis_anchored,1.1708647247423904e-05
200,216,uniform,4.829110940659675e-05
200,217,complete_rollout,4.049548865201123e-06
200,217,learned_mean,6.961878305468845e-06
200,217,learned_occupancy,5.763598426779831e-06
200,217,occ_plus_mean,4.9965829875506315e-06
200,217,occ_plus_uniform,4.067531298167847e-06
200,217,oracle_tail,2.1969626497079474e-06
200,217,tis,2.437619421670196e-05
200,217,tis_anchored,3.581404436820052e-06
200,217,uniform,2.809906088709484e-05
200,218,complete_rollout,4.313137747421644e-06
200,218,learned_mean,1.0024830000410965e-05
200,218,learned_occupancy,9.573184720671982e-06
200,218,occ_plus_mean,7.496897016966217e-06
200,218,occ_plus_uniform,4.729324717785287e-06
200,218,oracle_tail,7.365202196992986e-05
200,218,tis,2.6125375739134754e-05
200,218,tis_anchored,7.09353670504382e-06
200,218,uniform,0.0001153852658201754
200,219,complete_rollout,3.603928878947361e-06
200,219,learned_mean,1.1507403091960377e-05
200,219,learned_occupancy,5.977990278161734e-06
200,219,occ_plus_mean,4.494602799378811e-06
200,219,occ_plus_uniform,1.7127675371699183e-05
200,219,oracle_tail,9.560097853931507e-06
200,219,tis,0.00011221841340160588
200,219,tis_anchored,1.3356184231490573e-05
200,219,uniform,4.259839884363138e-05
200,220,complete_rollout,6.72019274579889e-06
200,220,learned_mean,1.5410860420651756e-05
200,220,learned_occupancy,1.0779600177428089e-05
200,220,occ_plus_mean,8.933407301017008e-06
200,220,occ_plus_uniform,1.229765850822735e-05
200,220,oracle_tail,7.067144785996464e-05
200,220,tis,9.423362586254468e-05
200,220,tis_anchored,7.315908615336325e-06
200,220,uniform,0.00018004045956681396
200,221,complete_rollout,9.291866475371719e-06
200,221,learned_mean,3.319337937357299e-05
200,221,learned_occupancy,1.607616878699637e-05
200,221,occ_plus_mean,4.770682666669708e-06
200,221,occ_plus_uniform,8.124730645415932e-06
200,221,oracle_tail,4.8534742575927455e-06
200,221,tis,0.0003990875466797447
200,221,tis_anchored,6.58472161344615e-06
200,221,uniform,2.8064129134553786e-05
200,222,complete_rollout,5.799981959329909e-06
200,222,learned_mean,2.1036936682166272e-05
200,222,learned_occupancy,2.701050124306962e-06
200,222,occ_plus_mean,7.292973836381147e-06
200,222,occ_plus_uniform,9.641586819167641e-06
200,222,oracle_tail,3.5536848291077823e-06
200,222,tis,2.6239456282841782e-05
200,222,tis_anchored,6.77371543761667e-06
200,222,uniform,4.445821653919296e-05
200,223,complete_rollout,3.4621147796476454e-06
200,223,learned_mean,1.2294436874332864e-05
200,223,learned_occupancy,1.7227970611971868e-05
200,223,occ_plus_mean,8.814300808288074e-06
200,223,occ_plus_uniform,1.1575702880811351e-05
200,223,oracle_tail,4.2752382189628136e-06
200,223,tis,1.2949820622576366e-05
200,223,tis_anchored,3.716408093287458e-06
200,223,uniform,4.6693147964534744e-05
200,224,complete_rollout,5.466324652449075e-06
200,224,learned_mean,1.1471953906267468e-05
200,224,learned_occupancy,1.002315169275204e-06
200,224,occ_plus_mean,8.56593877689162e-07
200,224,occ_plus_uniform,1.9025970293869845e-06
200,224,oracle_tail,7.504588045517818e-07
200,224,tis,1.0365047382059347e-05
200,224,tis_anchored,1.0993665180614987e-06
200,224,uniform,0.00019839634512382504
200,225,complete_rollout,5.76299722975399e-06
200,225,learned_mean,3.6014002080021374e-05
200,225,learned_occupancy,2.9986941065215823e-06
200,225,occ_plus_mean,2.455522220704841e-06
200,225,occ_plus_uniform,1.9001409375984432e-06
200,225,oracle_tail,5.681619762725409e-07
200,225,tis,4.244153409720664e-05
200,225,tis_anchored,2.0757313829429857e-06
200,225,uniform,8.657099005671363e-05
200,226,complete_rollout,4.1020661414198615e-06
200,226,learned_mean,4.073779454076139e-05
200,226,learned_occupancy,3.4723206664491475e-05
200,226,occ_plus_mean,3.3912609733497047e-05
200,226,occ_plus_uniform,7.407400919634347e-06
200,226,oracle_tail,9.781990373901578e-06
200,226,tis,6.440615027416448e-05
200,226,tis_anchored,3.2878656754867144e-05
200,226,uniform,2.7836512488786925e-05
200,227,complete_rollout,7.010767166644426e-07
200,227,learned_mean,4.668153097224894e-05
200,227,learned_occupancy,6.655208714006466e-05
200,227,occ_plus_mean,4.921087815361555e-05
200,227,occ_plus_uniform,1.6409974008288105e-05
200,227,oracle_tail,2.3813098896528317e-06
200,227,tis,5.355750240671041e-05
200,227,tis_anchored,3.851129023590727e-05
200,227,uniform,4.9128903316918446e-05
200,228,complete_rollout,4.264133534357481e-06
200,228,learned_mean,7.311187514515799e-06
200,228,learned_occupancy,3.852481654031241e-06
200,228,occ_plus_mean,3.2198732872057846e-06
200,228,occ_plus_uniform,2.325000647784022e-06
200,228,oracle_tail,1.7634986127902557e-06
200,228,tis,4.953545917325108e-05
200,228,tis_anchored,3.867692677308009e-06
200,228,uniform,1.843502782883131e-05
200,229,complete_rollout,6.380587121189282e-06
200,229,learned_mean,1.1315106706618587e-05
200,229,learned_occupancy,2.0733015394480757e-06
200,229,occ_plus_mean,5.001263139943698e-06
200,229,occ_plus_uniform,7.32224431918568e-06
200,229,oracle_tail,2.080983721476036e-06
200,229,tis,0.00016162627477224502
200,229,tis_anchored,6.497418736206683e-06
200,229,uniform,0.00010668533219474505
200,230,complete_rollout,1.913257948312669e-06
200,230,learned_mean,3.9897211379579096e-06
200,230,learned_occupancy,3.7130452278710443e-06
200,230,occ_plus_mean,2.953637172661752e-06
200,230,occ_plus_uniform,7.618454978716317e-06
200,230,oracle_tail,1.2772775112048874e-06
200,230,tis,1.4249843132549951e-05
200,230,tis_anchored,3.1764914151793464e-06
200,230,uniform,7.293891216763041e-05
200,231,complete_rollout,2.074680576489111e-06
200,231,learned_mean,5.1427405099826176e-05
200,231,learned_occupancy,8.23013127612993e-06
200,231,occ_plus_mean,7.85667787024066e-06
200,231,occ_plus_uniform,4.489884331792196e-06
200,231,oracle_tail,5.030743050967909e-06
200,231,tis,3.67409322662057e-05
200,231,tis_anchored,9.441606373891708e-06
200,231,uniform,2.286703226460008e-05
200,232,complete_rollout,4.275029502394707e-06
200,232,learned_mean,5.207657043129064e-06
200,232,learned_occupancy,2.838972707717761e-06
200,232,occ_plus_mean,1.7069267317504066e-06
200,232,occ_plus_uniform,2.6147768702311567e-06
200,232,oracle_tail,1.1324339813465115e-06
200,232,tis,6.287952587106641e-06
200,232,tis_anchored,1.1354994824829553e-06
200,232,uniform,3.8398073614786685e-05
200,233,complete_rollout,3.646047660147362e-06
200,233,learned_mean,2.4750163697554317e-05
200,233,learned_occupancy,6.463008515382773e-06
200,233,occ_plus_mean,8.332435368974729e-06
200,233,occ_plus_uniform,5.907093052705332e-06
200,233,oracle_tail,6.890090429674993e-07
200,233,tis,2.1317700126410673e-05
200,233,tis_anchored,2.990207798837075e-06
200,233,uniform,2.827504592406104e-05
200,234,complete_rollout,1.7597496744020061e-06
200,234,learned_mean,2.368698316216613e-06
200,234,learned_occupancy,1.3972190167922412e-05
200,234,occ_plus_mean,2.458201078244354e-06
200,234,occ_plus_uniform,1.9228869639813198e-05
200,234,oracle_tail,4.628563201448395e-06
200,234,tis,5.131293221365201e-06
200,234,tis_anchored,3.2639990581280373e-06
200,234,uniform,0.00012432325762866625
200,235,complete_rollout,2.765387114063221e-06
200,235,learned_mean,2.4166081615543922e-05
200,235,learned_occupancy,8.369825283115624e-06
200,235,occ_plus_mean,2.895353607254904e-06
200,235,occ_plus_uniform,2.6431056081423644e-06
200,235,oracle_tail,1.3521671557105775e-06
200,235,tis,2.1102475829802242e-05
200,235,tis_anchored,2.6825246199338235e-06
200,235,uniform,4.812598862447384e-05
200,236,complete_rollout,2.0243123967734964e-06
200,236,learned_mean,6.529936505940478e-06
200,236,learned_occupancy,2.7649062565589518e-06
200,236,occ_plus_mean,2.4545864664695226e-06
200,236,occ_plus_uniform,1.8622225125882399e-06
200,236,oracle_tail,8.112344124513768e-05
200,236,tis,0.0006197946639039767
200,236,tis_anchored,1.330679783949593e-06
200,236,uniform,0.00024029408482665736
200,237,complete_rollout,8.165192551989426e-06
200,237,learned_mean,1.3542352810740418e-05
200,237,learned_occupancy,5.0325182744410176e-06
200,237,occ_plus_mean,3.2188212684030586e-06
200,237,occ_plus_uniform,4.4525639671808e-06
200,237,oracle_tail,1.3768793307533169e-06
200,237,tis,8.319492191288787e-05
200,237,tis_anchored,4.175259152007624e-06
200,237,uniform,6.513725417847538e-05
200,238,complete_rollout,2.2787734221833814e-06
200,238,learned_mean,1.9010845431690932e-05
200,238,learned_occupancy,7.367334323870953e-06
200,238,occ_plus_mean,5.171231756209856e-06
200,238,occ_plus_uniform,4.431209454915364e-06
200,238,oracle_tail,1.3065262007756121e-05
200,238,tis,3.938275014099791e-05
200,238,tis_anchored,4.7029926307682075e-06
200,238,uniform,7.842216834268024e-05
200,239,complete_rollout,8.835653796678025e-07
200,239,learned_mean,1.2900649818813757e-05
200,239,learned_occupancy,7.79337553984641e-06
200,239,occ_plus_mean,2.8944274734187094e-06
200,239,occ_plus_uniform,2.6507709547192915e-06
200,239,oracle_tail,2.367965161500944e-06
200,239,tis,3.1781103666055604e-05
200,239,tis_anchored,4.60768738238208e-06
200,239,uniform,3.124661013861256e-05
200,240,complete_rollout,2.3417338773268217e-06
200,240,learned_mean,2.6911674460346887e-05
200,240,learned_occupancy,3.649834445887276e-06
200,240,occ_plus_mean,3.069268434441844e-06
200,240,occ_plus_uniform,1.0900024350801627e-05
200,240,oracle_tail,8.642171838564512e-05
200,240,tis,5.558615220126302e-05
200,240,tis_anchored,3.877048547061807e-06
200,240,uniform,0.00012431114143883007
200,241,complete_rollout,5.163548035101587e-06
200,241,learned_mean,4.697764771635314e-06
200,241,learned_occupancy,1.8268139458179104e-05
200,241,occ_plus_mean,5.164453986520553e-06
200,241,occ_plus_uniform,1.0975404708476217e-05
200,241,oracle_tail,9.60867396585427e-07
200,241,tis,6.635199609628655e-06
200,241,tis_anchored,3.899743886794567e-06
200,241,uniform,6.271759081009867e-05
200,242,complete_rollout,1.8340680649811326e-06
200,242,learned_mean,2.427067659951222e-05
200,242,learned_occupancy,1.2719967855834882e-05
200,242,occ_plus_mean,9.961121886160187e-06
200,242,occ_plus_uniform,9.889337507907742e-06
200,242,oracle_tail,2.556996054087115e-05
200,242,tis,0.00017094261360995534
200,242,tis_anchored,1.7466231536624864e-06
200,242,uniform,6.516707360550814e-05
200,243,complete_rollout,5.024478258048578e-06
200,243,learned_mean,2.7308750299393514e-06
200,243,learned_occupancy,8.006126723350281e-06
200,243,occ_plus_mean,4.409726043153636e-06
200,243,occ_plus_uniform,4.880667257271789e-06
200,243,oracle_tail,5.609166786910976e-06
200,243,tis,7.721474506114596e-06
200,243,tis_anchored,5.099331375389106e-06
200,243,uniform,2.0347383212845374e-05
200,244,complete_rollout,1.0667952078193728e-06
200,244,learned_mean,1.740730133616773e-05
200,244,learned_occupancy,1.192084168044556e-05
200,244,occ_plus_mean,4.478509123427078e-06
200,244,occ_plus_uniform,7.779198843373297e-06
200,244,oracle_tail,4.362449057923595e-06
200,244,tis,2.1258968288789348e-05
200,244,tis_anchored,3.996712142909678e-06
200,244,uniform,5.745673954067992e-05
200,245,complete_rollout,4.361846416069267e-06
200,245,learned_mean,1.3270152777404194e-05
200,245,learned_occupancy,8.973859002273044e-06
200,245,occ_plus_mean,1.2373281080010807e-05
200,245,occ_plus_uniform,1.0824577271109376e-05
200,245,oracle_tail,5.186801328992069e-06
200,245,tis,1.74449163095981e-05
200,245,tis_anchored,1.2458526568426435e-05
200,245,uniform,7.654331711033726e-05
200,246,complete_rollout,1.4458860450466674e-06
200,246,learned_mean,3.6626372455115426e-05
200,246,learned_occupancy,2.694494207186884e-06
200,246,occ_plus_mean,2.5077272847914142e-06
200,246,occ_plus_uniform,1.3091604948982374e-05
200,246,oracle_tail,2.6951524050962688e-06
200,246,tis,4.658032792160233e-05
200,246,tis_anchored,2.3951505687892223e-06
200,246,uniform,4.0954658227381815e-05
200,247,complete_rollout,3.861523498518125e-06
200,247,learned_mean,1.580732285740108e-05
200,247,learned_occupancy,1.67313638298343e-05
200,247,occ_plus_mean,1.2246281439376483e-05
200,247,occ_plus_uniform,4.0721593170543823e-05
200,247,oracle_tail,5.45765748241211e-06
200,247,tis,0.0005160213085571722
200,247,tis_anchored,1.3646018018406492e-05
200,247,uniform,7.366181596779122e-05
200,248,complete_rollout,2.4568045448457106e-06
200,248,learned_mean,1.4059532900154482e-05
200,248,learned_occupancy,1.9036000321712433e-05
200,248,occ_plus_mean,1.646321696261583e-05
200,248,occ_plus_uniform,1.4628691901844676e-05
200,248,oracle_tail,1.2634969361159743e-05
200,248,tis,6.690395659113834e-05
200,248,tis_anchored,1.6451236088867906e-05
200,248,uniform,0.0001445645143062155
200,249,complete_rollout,2.753190669908954e-06
200,249,learned_mean,2.5502275287040675e-05
200,249,learned_occupancy,7.532218134876293e-06
200,249,occ_plus_mean,5.391240278417339e-06
200,249,occ_plus_uniform,8.256619687106842e-06
200,249,oracle_tail,1.860086013533666e-05
200,249,tis,1.7460804896653616e-05
200,249,tis_anchored,2.7955204442696383e-06
200,249,uniform,0.00014029286584681106
200,250,complete_rollout,3.99821661086398e-06
200,250,learned_mean,3.7869068336463034e-05
200,250,learned_occupancy,1.9640991639009127e-06
200,250,occ_plus_mean,6.123379317429095e-06
200,250,occ_plus_uniform,5.8326058600331244e-06
200,250,oracle_tail,4.270222020420934e-06
200,250,tis,3.6867513640046855e-05
200,250,tis_anchored,7.225876701020718e-06
200,250,uniform,4.5720951184299594e-05
200,251,complete_rollout,2.173374875996473e-06
200,251,learned_mean,8.590013051232994e-06
200,251,learned_occupancy,1.680536095891344e-05
200,251,occ_plus_mean,9.138027281515474e-06
200,251,occ_plus_uniform,9.63503808896917e-06
200,251,oracle_tail,9.073397361964833e-06
200,251,tis,1.5788989749368138e-05
200,251,tis_anchored,9.488805050956467e-06
200,251,uniform,0.00017325904012278952
200,252,complete_rollout,1.3791193267301088e-06
200,252,learned_mean,2.655266117723902e-05
200,252,learned_occupancy,6.728218655215663e-06
200,252,occ_plus_mean,4.536370108627414e-06
200,252,occ_plus_uniform,1.1457616558240099e-05
200,252,oracle_tail,3.215077268256103e-06
200,252,tis,2.638273945173373e-05
200,252,tis_anchored,1.4903146426760836e-06
200,252,uniform,4.109833520236341e-05
200,253,complete_rollout,3.2250780904947907e-06
200,253,learned_mean,1.9157105594837798e-05
200,253,learned_occupancy,9.359769043585161e-06
200,253,occ_plus_mean,2.508486108988764e-06
200,253,occ_plus_uniform,2.814502867122987e-06
200,253,oracle_tail,4.1191580986530376e-06
200,253,tis,2.4425469162665485e-05
200,253,tis_anchored,1.6700392807048755e-06
200,253,uniform,1.2748680978038933e-05
200,254,complete_rollout,5.504706564120739e-06
200,254,learned_mean,1.5365207592659936e-05
200,254,learned_occupancy,4.427690524948975e-06
200,254,occ_plus_mean,5.281529449503554e-06
200,254,occ_plus_uniform,8.043003719544565e-06
200,254,oracle_tail,1.5390179242376063e-06
200,254,tis,2.275080001599126e-05
200,254,tis_anchored,4.520422329367464e-06
200,254,uniform,2.193363565099323e-05
200,255,complete_rollout,1.9198076013261913e-06
200,255,learned_mean,0.00010413838134597243
200,255,learned_occupancy,8.707349700478354e-06
200,255,occ_plus_mean,5.403362194517306e-06
200,255,occ_plus_uniform,6.549959523291711e-06
200,255,oracle_tail,1.4604359402423676e-06
200,255,tis,2.6623983147396917e-05
200,255,tis_anchored,6.3131424151645725e-06
200,255,uniform,6.22493429821264e-05
200,256,complete_rollout,1.5438870554921548e-06
200,256,learned_mean,1.6440847622589435e-05
200,256,learned_occupancy,4.826438976578782e-06
200,256,occ_plus_mean,1.2800372921542133e-05
200,256,occ_plus_uniform,5.624149363682497e-06
200,256,oracle_tail,2.652662927497549e-06
200,256,tis,2.487865248281658e-05
200,256,tis_anchored,1.115184778317755e-05
200,256,uniform,4.8942064404441544e-05
200,257,complete_rollout,4.633292424252984e-06
200,257,learned_mean,1.1384784284522447e-05
200,257,learned_occupancy,9.048721260064296e-06
200,257,occ_plus_mean,4.909281131792143e-06
200,257,occ_plus_uniform,3.415776247209143e-06
200,257,oracle_tail,3.521200760084686e-05
200,257,tis,4.2592760745561314e-05
200,257,tis_anchored,5.314619601968388e-06
200,257,uniform,0.00015159883543779305
200,258,complete_rollout,8.231575241299296e-06
200,258,learned_mean,3.887144506211014e-06
200,258,learned_occupancy,7.4345161126696995e-06
200,258,occ_plus_mean,4.281148259792378e-06
200,258,occ_plus_uniform,8.470464333323929e-06
200,258,oracle_tail,2.363231372572566e-06
200,258,tis,4.80063226459297e-06
200,258,tis_anchored,4.572750887690116e-06
200,258,uniform,0.00015733027166854566
200,259,complete_rollout,2.728719420390597e-06
200,259,learned_mean,8.02740750735776e-06
200,259,learned_occupancy,6.830689818150635e-06
200,259,occ_plus_mean,1.0523011263710062e-05
200,259,occ_plus_uniform,1.1055621890839488e-05
200,259,oracle_tail,3.9306729780140425e-06
200,259,tis,9.186870553577288e-06
200,259,tis_anchored,7.217413389453757e-06
200,259,uniform,7.843406520748498e-05
200,260,complete_rollout,1.1494535768021107e-06
200,260,learned_mean,1.4367272939537074e-05
200,260,learned_occupancy,1.3985627540672074e-06
200,260,occ_plus_mean,1.4550897595281353e-06
200,260,occ_plus_uniform,2.558940689802343e-06
200,260,oracle_tail,8.875030741638463e-06
200,260,tis,2.202291532886165e-05
200,260,tis_anchored,2.0005169560871917e-06
200,260,uniform,9.384657011450742e-05
200,261,complete_rollout,2.515349453574028e-06
200,261,learned_mean,3.060559256949661e-05
200,261,learned_occupancy,5.230932352381353e-06
200,261,occ_plus_mean,1.8510181539963886e-06
200,261,occ_plus_uniform,5.659331375033072e-06
200,261,oracle_tail,5.580975913614916e-06
200,261,tis,1.6179665622930348e-05
200,261,tis_anchored,3.4699929010134947e-06
200,261,uniform,5.996852002631492e-05
200,262,complete_rollout,1.8694115120996414e-06
200,262,learned_mean,1.5070703324228426e-05
200,262,learned_occupancy,4.478838655211315e-06
200,262,occ_plus_mean,3.6757856112897467e-06
200,262,occ_plus_uniform,9.717568965933e-07
200,262,oracle_tail,3.568429161749119e-06
200,262,tis,1.5496397654076156e-05
200,262,tis_anchored,3.247292387570678e-06
200,262,uniform,2.344645741599121e-05
200,263,complete_rollout,3.888293280109883e-06
200,263,learned_mean,1.2749466466766244e-06
200,263,learned_occupancy,3.825774219200888e-06
200,263,occ_plus_mean,4.177338326730914e-06
200,263,occ_plus_uniform,5.5513617106348945e-06
200,263,oracle_tail,7.195864010365808e-07
200,263,tis,1.714295990745262e-06
200,263,tis_anchored,3.6348396109700728e-06
200,263,uniform,5.4407726129045126e-05
200,264,complete_rollout,2.926309897074039e-06
200,264,learned_mean,1.9412461499985877e-05
200,264,learned_occupancy,8.775479236328506e-06
200,264,occ_plus_mean,6.1107872542438885e-06
200,264,occ_plus_uniform,1.4131136903761557e-06
200,264,oracle_tail,6.24458913688878e-06
200,264,tis,7.62652534476506e-05
200,264,tis_anchored,6.100468894717308e-06
200,264,uniform,6.975407007778213e-05
200,265,complete_rollout,2.4726005521902374e-06
200,265,learned_mean,2.3077379108268574e-05
200,265,learned_occupancy,7.65150659727666e-06
200,265,occ_plus_mean,6.208912689100006e-06
200,265,occ_plus_uniform,3.725909431501934e-06
200,265,oracle_tail,2.9419030944594664e-06
200,265,tis,1.277671602739934e-05
200,265,tis_anchored,3.1681938671779725e-06
200,265,uniform,4.0249938561035965e-05
200,266,complete_rollout,3.541338797335868e-06
200,266,learned_mean,1.7824274196918135e-05
200,266,learned_occupancy,2.9960637867810145e-06
200,266,occ_plus_mean,3.4297907384523565e-06
200,266,occ_plus_uniform,3.577375346841298e-06
200,266,oracle_tail,1.837727335453088e-05
200,266,tis,4.1400379999970445e-05
200,266,tis_anchored,4.941755701127138e-06
200,266,uniform,6.064948730412791e-05
200,267,complete_rollout,4.919518653074546e-06
200,267,learned_mean,3.790993715072409e-06
200,267,learned_occupancy,3.5811249582485957e-06
200,267,occ_plus_mean,2.8439108286421106e-06
200,267,occ_plus_uniform,1.7592951902598716e-06
200,267,oracle_tail,4.313326802315906e-05
200,267,tis,4.510261211688745e-05
200,267,tis_anchored,1.9734383056527168e-06
200,267,uniform,9.535542915843826e-05
200,268,complete_rollout,1.1024737492320874e-06
200,268,learned_mean,2.117995156637114e-06
200,268,learned_occupancy,9.635019322867018e-06
200,268,occ_plus_mean,6.298927942182879e-06
200,268,occ_plus_uniform,9.349470660652745e-06
200,268,oracle_tail,3.2966108327816787e-06
200,268,tis,0.0001250821762458793
200,268,tis_anchored,4.838463328031505e-06
200,268,uniform,3.636321683427201e-05
200,269,complete_rollout,5.835378472315311e-06
200,269,learned_mean,1.0728926494294078e-05
200,269,learned_occupancy,1.2238718584928776e-05
200,269,occ_plus_mean,6.9458039886495965e-06
200,269,occ_plus_uniform,9.225369796354492e-06
200,269,oracle_tail,1.4289952707594821e-06
200,269,tis,2.2530318666912498e-05
200,269,tis_anchored,7.5458354802996555e-06
200,269,uniform,0.00011965016362690245
200,270,complete_rollout,3.330282933648628e-06
200,270,learned_mean,5.832208127438422e-05
200,270,learned_occupancy,1.0892374394390846e-05
200,270,occ_plus_mean,7.850877300847704e-06
200,270,occ_plus_uniform,4.611189487012116e-06
200,270,oracle_tail,1.2485046217897086e-06
200,270,tis,6.284844175503626e-05
200,270,tis_anchored,5.8197604131903275e-06
200,270,uniform,2.5518253836322118e-05
200,271,complete_rollout,8.441736760078464e-06
200,271,learned_mean,6.713780649709626e-05
200,271,learned_occupancy,4.306371967925257e-06
200,271,occ_plus_mean,8.408434338887156e-06
200,271,occ_plus_uniform,1.0958951369234158e-05
200,271,oracle_tail,3.172182155276628e-05
200,271,tis,3.311173597402125e-05
200,271,tis_anchored,1.633121004564122e-05
200,271,uniform,6.853552369500733e-05
200,272,complete_rollout,3.0034267383612055e-06
200,272,learned_mean,1.911138428809028e-05
200,272,learned_occupancy,7.680703905019631e-06
200,272,occ_plus_mean,2.341663629763405e-06
200,272,occ_plus_uniform,6.09952969111681e-06
200,272,oracle_tail,2.993476755447777e-07
200,272,tis,7.373160580869801e-06
200,272,tis_anchored,1.930622820133706e-06
200,272,uniform,4.651064233046718e-05
200,273,complete_rollout,1.515239506942516e-06
200,273,learned_mean,3.38643017163355e-05
200,273,learned_occupancy,1.9960584391241214e-05
200,273,occ_plus_mean,1.8672864699568293e-05
200,273,occ_plus_uniform,8.209919840890774e-06
200,273,oracle_tail,7.899492531811377e-06
200,273,tis,4.2968288098289046e-05
200,273,tis_anchored,1.858453240784121e-05
200,273,uniform,7.0113107422181e-05
200,274,complete_rollout,6.675331618469211e-06
200,274,learned_mean,0.0002791027084826242
200,274,learned_occupancy,7.822751993168984e-06
200,274,occ_plus_mean,3.0782380877310816e-06
200,274,occ_plus_uniform,6.179770836422774e-06
200,274,oracle_tail,1.0234250620163374e-06
200,274,tis,0.0002998746916570151
200,274,tis_anchored,3.5464875709497627e-06
200,274,uniform,2.7004948205649992e-05
200,275,complete_rollout,1.4197473871260318e-05
200,275,learned_mean,1.340690827419664e-05
200,275,learned_occupancy,6.224948054888365e-06
200,275,occ_plus_mean,5.253604936981878e-06
200,275,occ_plus_uniform,8.042405126899998e-06
200,275,oracle_tail,3.5616816172177093e-06
200,275,tis,8.763938898339905e-06
200,275,tis_anchored,4.499954124143281e-06
200,275,uniform,0.0001210886121438684
200,276,complete_rollout,2.4495311719392957e-06
200,276,learned_mean,0.00014320817699536937
200,276,learned_occupancy,1.1319615006150777e-05
200,276,occ_plus_mean,7.129159477080648e-06
200,276,occ_plus_uniform,1.983409986066401e-05
200,276,oracle_tail,5.460916885202448e-06
200,276,tis,4.363048732800096e-05
200,276,tis_anchored,5.263145628284538e-06
200,276,uniform,5.231423099349857e-05
200,277,complete_rollout,3.4790742788988315e-06
200,277,learned_mean,7.157646584353436e-06
200,277,learned_occupancy,9.537007932442064e-06
200,277,occ_plus_mean,4.074522413083746e-06
200,277,occ_plus_uniform,6.926032484267812e-06
200,277,oracle_tail,2.0818858934819697e-06
200,277,tis,1.8967100807578576e-05
200,277,tis_anchored,4.809302004508945e-06
200,277,uniform,0.0001974558325940375
200,278,complete_rollout,2.5439466062422127e-06
200,278,learned_mean,9.020876083165447e-06
200,278,learned_occupancy,4.45535594451523e-06
200,278,occ_plus_mean,2.534294732718328e-06
200,278,occ_plus_uniform,4.469514123190318e-06
200,278,oracle_tail,2.0411232775786517e-06
200,278,tis,0.00039668658731835876
200,278,tis_anchored,3.8144800820406386e-06
200,278,uniform,6.546937193063875e-05
200,279,complete_rollout,2.156269092144436e-06
200,279,learned_mean,1.18099759770801e-05
200,279,learned_occupancy,1.7579182386285014e-06
200,279,occ_plus_mean,2.896089461977596e-06
200,279,occ_plus_uniform,5.668280451251314e-06
200,279,oracle_tail,1.0088225977623393e-06
200,279,tis,0.00038218730952860477
200,279,tis_anchored,3.051807913922034e-06
200,279,uniform,4.23051822756652e-05
200,280,complete_rollout,5.368029124482604e-07
200,280,learned_mean,2.2910678966718842e-05
200,280,learned_occupancy,1.2003262127320214e-05
200,280,occ_plus_mean,1.014395934325678e-05
200,280,occ_plus_uniform,6.677038853940459e-06
200,280,oracle_tail,3.3347034299030443e-06
200,280,tis,3.0041727954965925e-05
200,280,tis_anchored,6.117967200168503e-06
200,280,uniform,3.932921671985113e-05
200,281,complete_rollout,2.180572767816428e-06
200,281,learned_mean,1.438794886954159e-05
200,281,learned_occupancy,4.338487849126569e-06
200,281,occ_plus_mean,5.095986082436068e-06
200,281,occ_plus_uniform,7.020167552154544e-06
200,281,oracle_tail,6.17207794491017e-06
200,281,tis,1.7148102018451273e-05
200,281,tis_anchored,4.899246672878304e-06
200,281,uniform,8.61795613456509e-06
200,282,complete_rollout,6.514590196717031e-06
200,282,learned_mean,3.168805709628586e-06
200,282,learned_occupancy,4.68103991754935e-06
200,282,occ_plus_mean,3.1701678314811444e-06
200,282,occ_plus_uniform,1.7552105099502425e-05
200,282,oracle_tail,1.497533221332479e-06
200,282,tis,6.62417864337267e-06
200,282,tis_anchored,5.305595924637201e-06
200,282,uniform,5.425051794713155e-05
200,283,complete_rollout,2.2267709868304294e-06
200,283,learned_mean,1.7342283055434993e-06
200,283,learned_occupancy,6.0044694375829635e-06
200,283,occ_plus_mean,3.0256417062181035e-06
200,283,occ_plus_uniform,5.3510482470975726e-06
200,283,oracle_tail,1.3557129635201444e-06
200,283,tis,0.00022691180109493873
200,283,tis_anchored,3.310370322696595e-06
200,283,uniform,3.019853729692861e-05
200,284,complete_rollout,4.135771717085166e-06
200,284,learned_mean,1.1039022191689488e-05
200,284,learned_occupancy,7.812765166332092e-06
200,284,occ_plus_mean,8.687620011595911e-06
200,284,occ_plus_uniform,1.98547592211086e-06
200,284,oracle_tail,7.98785756376788e-07
200,284,tis,7.229210814172078e-05
200,284,tis_anchored,8.046886735197148e-06
200,284,uniform,3.606703109754728e-05
200,285,complete_rollout,3.2979797186703147e-06
200,285,learned_mean,8.387578363169536e-06
200,285,learned_occupancy,4.945513472086093e-06
200,285,occ_plus_mean,4.87326665455798e-06
200,285,occ_plus_uniform,1.0443746927322183e-05
200,285,oracle_tail,1.877428075131124e-06
200,285,tis,2.1405989056297843e-05
200,285,tis_anchored,7.777214397959247e-06
200,285,uniform,9.162018302712793e-05
200,286,complete_rollout,6.94280695654668e-06
200,286,learned_mean,8.162887957030816e-06
200,286,learned_occupancy,1.2153892865404572e-05
200,286,occ_plus_mean,1.0382417936487135e-05
200,286,occ_plus_uniform,2.090450673553978e-05
200,286,oracle_tail,7.196852544656155e-05
200,286,tis,5.078835743577469e-05
200,286,tis_anchored,1.1342022745349337e-05
200,286,uniform,0.00020614201625023936
200,287,complete_rollout,1.2672131335068313e-06
200,287,learned_mean,5.780012019683572e-06
200,287,learned_occupancy,6.251389792357373e-06
200,287,occ_plus_mean,3.147546137030211e-06
200,287,occ_plus_uniform,3.289659155486633e-06
200,287,oracle_tail,1.5644786904365917e-06
200,287,tis,7.630310969050665e-06
200,287,tis_anchored,2.726269827517823e-06
200,287,uniform,6.23293677965721e-05
200,288,complete_rollout,4.292544599263001e-06
200,288,learned_mean,3.967922761176343e-06
200,288,learned_occupancy,3.8040767410873824e-06
200,288,occ_plus_mean,4.372579605873285e-06
200,288,occ_plus_uniform,1.8566756262417164e-06
200,288,oracle_tail,1.108484419132072e-06
200,288,tis,1.3125545485693325e-05
200,288,tis_anchored,3.3963432591177163e-06
200,288,uniform,2.0737146441215445e-05
200,289,complete_rollout,2.7695428687917395e-06
200,289,learned_mean,6.796918037945175e-06
200,289,learned_occupancy,2.3616471430216468e-06
200,289,occ_plus_mean,3.607195140920613e-06
200,289,occ_plus_uniform,1.930661728454668e-06
200,289,oracle_tail,1.1385178178131727e-06
200,289,tis,6.588264779363208e-05
200,289,tis_anchored,1.0189763498332536e-05
200,289,uniform,2.3827455868054433e-05
200,290,complete_rollout,4.659629039824444e-06
200,290,learned_mean,6.386917922120204e-05
200,290,learned_occupancy,4.659003224448249e-06
200,290,occ_plus_mean,1.0576240236049761e-05
200,290,occ_plus_uniform,7.770061482079639e-06
200,290,oracle_tail,3.906846810496067e-06
200,290,tis,0.0001147993256729103
200,290,tis_anchored,1.0893228345203513e-05
200,290,uniform,7.264546849674821e-05
200,291,complete_rollout,5.3545286074558344e-06
200,291,learned_mean,2.605614144685131e-05
200,291,learned_occupancy,1.427485193620317e-05
200,291,occ_plus_mean,4.500029692391132e-06
200,291,occ_plus_uniform,2.7621155715139224e-05
200,291,oracle_tail,1.3868992522352815e-06
200,291,tis,3.127343424904181e-05
200,291,tis_anchored,4.9004756267353925e-06
200,291,uniform,7.65276190419165e-05
200,292,complete_rollout,1.2544878719676891e-06
200,292,learned_mean,2.0269237661329444e-05
200,292,learned_occupancy,3.643788784689179e-06
200,292,occ_plus_mean,2.019153044014651e-06
200,292,occ_plus_uniform,6.868022537692111e-06
200,292,oracle_tail,4.913237028720755e-07
200,292,tis,7.790385295625244e-05
200,292,tis_anchored,1.8788582476206845e-06
200,292,uniform,6.057988463560712e-05
200,293,complete_rollout,1.9608380281011127e-06
200,293,learned_mean,2.040067522798928e-05
200,293,learned_occupancy,9.259672364760096e-06
200,293,occ_plus_mean,9.672426976149024e-06
200,293,occ_plus_uniform,7.017080318537159e-06
200,293,oracle_tail,1.2225640194480016e-05
200,293,tis,0.00012765581265942902
200,293,tis_anchored,1.218454682625463e-05
200,293,uniform,3.233493766227931e-05
200,294,complete_rollout,1.6820218330064538e-06
200,294,learned_mean,2.5276098963584387e-05
200,294,learned_occupancy,7.857116334492483e-06
200,294,occ_plus_mean,2.211778244027462e-06
200,294,occ_plus_uniform,8.856165832575934e-06
200,294,oracle_tail,5.092997554051239e-06
200,294,tis,9.088227044679076e-05
200,294,tis_anchored,3.4953545015068523e-06
200,294,uniform,4.583956524345986e-05
200,295,complete_rollout,1.7596563268254891e-06
200,295,learned_mean,9.601606106649166e-06
200,295,learned_occupancy,7.527399491682351e-06
200,295,occ_plus_mean,4.123166894069481e-06
200,295,occ_plus_uniform,1.3964936485237958e-05
200,295,oracle_tail,1.0565567876720462e-05
200,295,tis,0.0001785431017607927
200,295,tis_anchored,5.819698890406732e-06
200,295,uniform,6.98900949654108e-05
200,296,complete_rollout,3.256224381558921e-06
200,296,learned_mean,6.216964178725502e-05
200,296,learned_occupancy,2.0202332680661644e-06
200,296,occ_plus_mean,2.668299473471521e-06
200,296,occ_plus_uniform,4.438491438574755e-06
200,296,oracle_tail,1.2534626195166776e-06
200,296,tis,6.486197456971345e-05
200,296,tis_anchored,1.8626767667932849e-06
200,296,uniform,4.001388370041068e-05
200,297,complete_rollout,3.4706720248654125e-06
200,297,learned_mean,8.563183017507288e-06
200,297,learned_occupancy,8.709781167239817e-06
200,297,occ_plus_mean,1.2307702735575518e-05
200,297,occ_plus_uniform,4.217206686857325e-06
200,297,oracle_tail,1.75402806974357e-06
200,297,tis,1.3062043301727998e-05
200,297,tis_anchored,1.1949208605203155e-05
200,297,uniform,4.7640418177297496e-05
200,298,complete_rollout,4.935970938483049e-06
200,298,learned_mean,2.1554674945308723e-05
200,298,learned_occupancy,3.926178462342207e-06
200,298,occ_plus_mean,4.90045124560742e-06
200,298,occ_plus_uniform,4.548424744177365e-06
200,298,oracle_tail,2.6517865913757183e-06
200,298,tis,1.9463021921144685e-05
200,298,tis_anchored,5.171680109462233e-06
200,298,uniform,2.5683901961870258e-05
200,299,complete_rollout,2.0268184188240584e-06
200,299,learned_mean,1.0206294288676897e-05
200,299,learned_occupancy,1.2458165385732512e-05
200,299,occ_plus_mean,5.352862301145997e-06
200,299,occ_plus_uniform,6.61060843026615e-06
200,299,oracle_tail,1.2536256269350328e-06
200,299,tis,1.2427816042607357e-05
200,299,tis_anchored,5.350365393363569e-06
200,299,uniform,8.362460853405545e-05
